6.295 4.388 100000 100000 100000 100000 100000 100000 100000 15.702 -4.012 0 0 0 0 0 0 0 0.5940995 5397
6.313 100000 100000 100000 100000 100000 100000 100000 100000 17.031 0 0 0 0 0 0 0 0 0.44413185 5503
6.29 3.27 100000 100000 100000 100000 100000 100000 100000 16.462 -8.827 0 0 0 0 0 0 0 0.5202906 5610
6.306 100000 100000 100000 100000 100000 100000 100000 100000 15.629 0 0 0 0 0 0 0 0 0.5560374 5716
6.32 100000 100000 100000 100000 100000 100000 100000 100000 16.864 0 0 0 0 0 0 0 0 0.54453206 5823
6.316 100000 100000 100000 100000 100000 100000 100000 100000 16.41 0 0 0 0 0 0 0 0 0.51176405 5929
6.314 100000 100000 100000 100000 100000 100000 100000 100000 16.861 0 0 0 0 0 0 0 0 0.4306829 6035
6.308 4.308 3.163 100000 100000 100000 100000 100000 100000 15.697 -2.581 -7.007 0 0 0 0 0 0 0.46790957 6142
6.289 100000 100000 100000 100000 100000 100000 100000 100000 15.138 0 0 0 0 0 0 0 0 0.4729898 6248
6.319 100000 100000 100000 100000 100000 100000 100000 100000 15.24 0 0 0 0 0 0 0 0 0.36645365 6355
6.292 3.302 100000 100000 100000 100000 100000 100000 100000 14.212 -9.202 0 0 0 0 0 0 0 0.48624635 6461
6.281 100000 100000 100000 100000 100000 100000 100000 100000 12.537 0 0 0 0 0 0 0 0 0.3576541 6567
6.271 5.814 100000 100000 100000 100000 100000 100000 100000 9.34 2.572 0 0 0 0 0 0 0 0.42285204 6674
6.265 5.777 100000 100000 100000 100000 100000 100000 100000 9.042 2.792 0 0 0 0 0 0 0 0.35609674 6780
6.256 5.81 2.75 100000 100000 100000 100000 100000 100000 9.374 3.209 -10.383 0 0 0 0 0 0 0.44703722 6887
6.252 100000 100000 100000 100000 100000 100000 100000 100000 10.776 0 0 0 0 0 0 0 0 0.52159905 6993
6.31 100000 100000 100000 100000 100000 100000 100000 100000 13.465 0 0 0 0 0 0 0 0 0.4877336 7099
6.304 100000 100000 100000 100000 100000 100000 100000 100000 11.64 0 0 0 0 0 0 0 0 0.3761134 7206
6.289 2.895 100000 100000 100000 100000 100000 100000 100000 10.715 -10.727 0 0 0 0 0 0 0 0.39644408 7312
6.244 100000 100000 100000 100000 100000 100000 100000 100000 9.708 0 0 0 0 0 0 0 0 0.36027288 7418
6.251 100000 100000 100000 100000 100000 100000 100000 100000 9.409 0 0 0 0 0 0 0 0 0.32959533 7525
6.201 100000 100000 100000 100000 100000 100000 100000 100000 11.389 0 0 0 0 0 0 0 0 0.4052179 7631
6.233 2.919 100000 100000 100000 100000 100000 100000 100000 12.342 -9.506 0 0 0 0 0 0 0 0.45260644 7738
6.28 4.343 100000 100000 100000 100000 100000 100000 100000 8.391 -2.537 0 0 0 0 0 0 0 0.40980935 7844
6.28 100000 100000 100000 100000 100000 100000 100000 100000 12.835 0 0 0 0 0 0 0 0 0.47083855 7950
6.301 2.739 100000 100000 100000 100000 100000 100000 100000 12.869 -10.887 0 0 0 0 0 0 0 0.5003853 8057
6.287 100000 100000 100000 100000 100000 100000 100000 100000 11.42 0 0 0 0 0 0 0 0 0.40899873 8163
6.373 100000 100000 100000 100000 100000 100000 100000 100000 9.565 0 0 0 0 0 0 0 0 0.43903232 8270
5.66 100000 100000 100000 100000 100000 100000 100000 100000 3.38 0 0 0 0 0 0 0 0 0.45440078 8376
6.551 5.647 100000 100000 100000 100000 100000 100000 100000 2.659 -0.407 0 0 0 0 0 0 0 0.37284017 8482
6.321 3.854 100000 100000 100000 100000 100000 100000 100000 5.319 -6.855 0 0 0 0 0 0 0 0.4063778 8589
5.631 3.864 100000 100000 100000 100000 100000 100000 100000 3.503 -5.494 0 0 0 0 0 0 0 0.39857602 8695
6.566 5.606 100000 100000 100000 100000 100000 100000 100000 3.866 1.059 0 0 0 0 0 0 0 0.42595148 8802
6.317 2.549 100000 100000 100000 100000 100000 100000 100000 6.631 -12.789 0 0 0 0 0 0 0 0.30914807 8908
6.278 100000 100000 100000 100000 100000 100000 100000 100000 5.622 0 0 0 0 0 0 0 0 0.33724523 9014
6.345 2.36 100000 100000 100000 100000 100000 100000 100000 5.846 -14.415 0 0 0 0 0 0 0 0.2679708 9121
6.315 5.633 4.092 100000 100000 100000 100000 100000 100000 4.322 1.618 -6.484 0 0 0 0 0 0 0.34719658 9227
6.405 5.689 100000 100000 100000 100000 100000 100000 100000 6.894 3.846 0 0 0 0 0 0 0 0.3155048 9333
6.261 100000 100000 100000 100000 100000 100000 100000 100000 7.012 0 0 0 0 0 0 0 0 0.3237815 9440
6.266 100000 100000 100000 100000 100000 100000 100000 100000 4.049 0 0 0 0 0 0 0 0 0.36720896 9546
6.244 100000 100000 100000 100000 100000 100000 100000 100000 -0.464 0 0 0 0 0 0 0 0 0.36149287 9653
6.203 100000 100000 100000 100000 100000 100000 100000 100000 2.522 0 0 0 0 0 0 0 0 0.29679513 9759
6.223 100000 100000 100000 100000 100000 100000 100000 100000 0.642 0 0 0 0 0 0 0 0 0.38715672 9865
5.866 2.937 100000 100000 100000 100000 100000 100000 100000 1.524 -9.652 0 0 0 0 0 0 0 0.3458526 9972
5.945 2.938 100000 100000 100000 100000 100000 100000 100000 -6.046 -9.098 0 0 0 0 0 0 0 0.32800508 10078
5.898 100000 100000 100000 100000 100000 100000 100000 100000 -0.501 0 0 0 0 0 0 0 0 0.3652563 10185
5.92 4.932 100000 100000 100000 100000 100000 100000 100000 -0.606 -8.243 0 0 0 0 0 0 0 0.38808537 10291
5.733 3.013 100000 100000 100000 100000 100000 100000 100000 -1.876 -9.087 0 0 0 0 0 0 0 0.38808537 10397
2.493 100000 100000 100000 100000 100000 100000 100000 100000 -12.502 0 0 0 0 0 0 0 0 0.24137998 10504
2.932 100000 100000 100000 100000 100000 100000 100000 100000 -10.154 0 0 0 0 0 0 0 0 0.35373712 10610
6.346 2.963 100000 100000 100000 100000 100000 100000 100000 -1.234 -6.765 0 0 0 0 0 0 0 0.29852843 10717
6.389 3.098 100000 100000 100000 100000 100000 100000 100000 0.943 -9.561 0 0 0 0 0 0 0 0.31119776 10823
100000 100000 100000 100000 100000 100000 100000 100000 100000 0 0 0 0 0 0 0 0 0 0.29571486 10929
100000 100000 100000 100000 100000 100000 100000 100000 100000 0 0 0 0 0 0 0 0 0 0.263021 11036
5.976 100000 100000 100000 100000 100000 100000 100000 100000 -4.29 0 0 0 0 0 0 0 0 0.3065884 11142
100000 100000 100000 100000 100000 100000 100000 100000 100000 0 0 0 0 0 0 0 0 0 0.30600715 11248
3.595 100000 100000 100000 100000 100000 100000 100000 100000 -6.451 0 0 0 0 0 0 0 0 0.2868228 11355
3.566 100000 100000 100000 100000 100000 100000 100000 100000 -4.563 0 0 0 0 0 0 0 0 0.30600715 11461
5.78 100000 100000 100000 100000 100000 100000 100000 100000 -7.643 0 0 0 0 0 0 0 0 0.25620723 11568
3.38 100000 100000 100000 100000 100000 100000 100000 100000 -8.162 0 0 0 0 0 0 0 0 0.28431845 11674
100000 100000 100000 100000 100000 100000 100000 100000 100000 0 0 0 0 0 0 0 0 0 0.21039772 11780
2.482 100000 100000 100000 100000 100000 100000 100000 100000 -12.967 0 0 0 0 0 0 0 0 0.263021 11887
100000 100000 100000 100000 100000 100000 100000 100000 100000 0 0 0 0 0 0 0 0 0 0.12673259 11993
100000 100000 100000 100000 100000 100000 100000 100000 100000 0 0 0 0 0 0 0 0 0 0.21440172 12100
100000 100000 100000 100000 100000 100000 100000 100000 100000 0 0 0 0 0 0 0 0 0 0.19652557 12206
3.53 100000 100000 100000 100000 100000 100000 100000 100000 -1.812 0 0 0 0 0 0 0 0 0.15824318 12312
3.533 100000 100000 100000 100000 100000 100000 100000 100000 -0.852 0 0 0 0 0 0 0 0 0.17235708 12419
3.549 5.796 100000 100000 100000 100000 100000 100000 100000 -2.098 -5.029 0 0 0 0 0 0 0 0.17235708 12525
100000 100000 100000 100000 100000 100000 100000 100000 100000 0 0 0 0 0 0 0 0 0 0.20929313 12632
3.58 5.792 100000 100000 100000 100000 100000 100000 100000 -2.645 -5.247 0 0 0 0 0 0 0 0.08343482 12738
100000 100000 100000 100000 100000 100000 100000 100000 100000 0 0 0 0 0 0 0 0 0 0.10547757 12844
3.467 100000 100000 100000 100000 100000 100000 100000 100000 -4.896 0 0 0 0 0 0 0 0 0.156183 12951
3.528 5.732 100000 100000 100000 100000 100000 100000 100000 -0.709 -3.649 0 0 0 0 0 0 0 0.13088536 13057
3.548 5.621 100000 100000 100000 100000 100000 100000 100000 0.959 -8.251 0 0 0 0 0 0 0 0.16198087 13163
3.474 100000 100000 100000 100000 100000 100000 100000 100000 -1.292 0 0 0 0 0 0 0 0 0.14995623 13270
3.54 5.754 100000 100000 100000 100000 100000 100000 100000 -4.524 -4.651 0 0 0 0 0 0 0 0.13919806 13376
3.494 100000 100000 100000 100000 100000 100000 100000 100000 -5.629 0 0 0 0 0 0 0 0 0.12470603 13483
3.444 100000 100000 100000 100000 100000 100000 100000 100000 -1.857 0 0 0 0 0 0 0 0 0.15452099 13589
3.526 100000 100000 100000 100000 100000 100000 100000 100000 -0.554 0 0 0 0 0 0 0 0 0.06903839 13695
3.485 100000 100000 100000 100000 100000 100000 100000 100000 -1.039 0 0 0 0 0 0 0 0 0.06094122 13802
3.349 100000 100000 100000 100000 100000 100000 100000 100000 -5.308 0 0 0 0 0 0 0 0 0.06120324 13908
3.493 100000 100000 100000 100000 100000 100000 100000 100000 -6.145 0 0 0 0 0 0 0 0 0.06263971 14015
3.485 100000 100000 100000 100000 100000 100000 100000 100000 -1.118 0 0 0 0 0 0 0 0 0.06120324 14121
3.511 100000 100000 100000 100000 100000 100000 100000 100000 1.274 0 0 0 0 0 0 0 0 0.06263971 14227
3.481 100000 100000 100000 100000 100000 100000 100000 100000 0.365 0 0 0 0 0 0 0 0 0.00000023841858 14334
100000 100000 100000 100000 100000 100000 100000 100000 100000 0 0 0 0 0 0 0 0 0 0.0143888 14440
3.532 100000 100000 100000 100000 100000 100000 100000 100000 3.2 0 0 0 0 0 0 0 0 0.109261274 14547
3.451 100000 100000 100000 100000 100000 100000 100000 100000 -0.611 0 0 0 0 0 0 0 0 6.2762165 14653
3.449 100000 100000 100000 100000 100000 100000 100000 100000 -6.473 0 0 0 0 0 0 0 0 6.2291813 14759
3.453 100000 100000 100000 100000 100000 100000 100000 100000 -1.955 0 0 0 0 0 0 0 0 0.0143888 14866
3.499 100000 100000 100000 100000 100000 100000 100000 100000 4.369 0 0 0 0 0 0 0 0 6.2279234 14972
100000 100000 100000 100000 100000 100000 100000 100000 100000 0 0 0 0 0 0 0 0 0 0.027869225 15078
3.491 100000 100000 100000 100000 100000 100000 100000 100000 2.561 0 0 0 0 0 0 0 0 0.014047623 15185
3.421 100000 100000 100000 100000 100000 100000 100000 100000 -2.576 0 0 0 0 0 0 0 0 0.02831316 15291
3.393 100000 100000 100000 100000 100000 100000 100000 100000 -6.501 0 0 0 0 0 0 0 0 6.263221 15398
3.503 100000 100000 100000 100000 100000 100000 100000 100000 -0.96 0 0 0 0 0 0 0 0 0.034560442 15504
3.458 100000 100000 100000 100000 100000 100000 100000 100000 2.524 0 0 0 0 0 0 0 0 0.02831316 15610
3.459 100000 100000 100000 100000 100000 100000 100000 100000 -0.452 0 0 0 0 0 0 0 0 0.06518936 15717
3.457 100000 100000 100000 100000 100000 100000 100000 100000 -7.359 0 0 0 0 0 0 0 0 0.014047623 15823
3.473 100000 100000 100000 100000 100000 100000 100000 100000 2.237 0 0 0 0 0 0 0 0 0.0143888 15930
3.457 100000 100000 100000 100000 100000 100000 100000 100000 0.959 0 0 0 0 0 0 0 0 0.006808996 16036
3.482 100000 100000 100000 100000 100000 100000 100000 100000 -1.278 0 0 0 0 0 0 0 0 6.188149 16142
3.386 100000 100000 100000 100000 100000 100000 100000 100000 -3.121 0 0 0 0 0 0 0 0 6.188149 16249
3.377 100000 100000 100000 100000 100000 100000 100000 100000 2.941 0 0 0 0 0 0 0 0 6.1462317 16355
3.398 5.893 100000 100000 100000 100000 100000 100000 100000 3.625 -6.627 0 0 0 0 0 0 0 6.2028856 16462
3.399 1.766 100000 100000 100000 100000 100000 100000 100000 4.102 -21.352 0 0 0 0 0 0 0 6.199751 16568
3.419 100000 100000 100000 100000 100000 100000 100000 100000 5.673 0 0 0 0 0 0 0 0 6.131051 16674
3.44 100000 100000 100000 100000 100000 100000 100000 100000 7.429 0 0 0 0 0 0 0 0 6.1254654 16781
3.455 100000 100000 100000 100000 100000 100000 100000 100000 8.514 0 0 0 0 0 0 0 0 6.090644 16887
3.454 100000 100000 100000 100000 100000 100000 100000 100000 8.932 0 0 0 0 0 0 0 0 6.130799 16993
3.435 100000 100000 100000 100000 100000 100000 100000 100000 4.991 0 0 0 0 0 0 0 0 6.0866604 17100
3.412 100000 100000 100000 100000 100000 100000 100000 100000 5.496 0 0 0 0 0 0 0 0 6.1515393 17206
3.456 100000 100000 100000 100000 100000 100000 100000 100000 7.639 0 0 0 0 0 0 0 0 6.1230145 17313
3.411 100000 100000 100000 100000 100000 100000 100000 100000 3.853 0 0 0 0 0 0 0 0 6.0439405 17419
3.454 100000 100000 100000 100000 100000 100000 100000 100000 10.395 0 0 0 0 0 0 0 0 6.103797 17525
3.448 100000 100000 100000 100000 100000 100000 100000 100000 9.943 0 0 0 0 0 0 0 0 6.0244427 17632
3.448 100000 100000 100000 100000 100000 100000 100000 100000 10.107 0 0 0 0 0 0 0 0 6.034565 17738
3.436 100000 100000 100000 100000 100000 100000 100000 100000 8.73 0 0 0 0 0 0 0 0 6.103797 17845
3.437 100000 100000 100000 100000 100000 100000 100000 100000 10.069 0 0 0 0 0 0 0 0 6.0952854 17951
3.421 100000 100000 100000 100000 100000 100000 100000 100000 10.814 0 0 0 0 0 0 0 0 5.989449 18057
3.423 2.212 100000 100000 100000 100000 100000 100000 100000 9.787 -13.061 0 0 0 0 0 0 0 6.056364 18164
3.43 2.231 100000 100000 100000 100000 100000 100000 100000 11.402 -8.8 0 0 0 0 0 0 0 6.0038013 18270
3.45 2.197 100000 100000 100000 100000 100000 100000 100000 13.799 -12.502 0 0 0 0 0 0 0 6.0053473 18377
3.45 2.192 100000 100000 100000 100000 100000 100000 100000 8.944 -10.9 0 0 0 0 0 0 0 5.9270887 18483
3.429 2.21 100000 100000 100000 100000 100000 100000 100000 10.571 -9.757 0 0 0 0 0 0 0 5.945758 18589
3.429 100000 100000 100000 100000 100000 100000 100000 100000 12.427 0 0 0 0 0 0 0 0 5.9318185 18696
3.464 2.233 100000 100000 100000 100000 100000 100000 100000 12.884 -9.179 0 0 0 0 0 0 0 5.937333 18802
3.44 2.168 100000 100000 100000 100000 100000 100000 100000 13.476 -8.312 0 0 0 0 0 0 0 5.8536167 18909
3.439 5.421 2.212 100000 100000 100000 100000 100000 100000 15.06 -7.553 -8.254 0 0 0 0 0 0 5.8832235 19015
3.435 2.234 100000 100000 100000 100000 100000 100000 100000 13.62 -6.111 0 0 0 0 0 0 0 5.8318806 19121
3.448 2.244 5.369 100000 100000 100000 100000 100000 100000 11.789 -4.983 -7.345 0 0 0 0 0 0 5.8568125 19228
3.439 5.288 2.225 100000 100000 100000 100000 100000 100000 11.378 -7.295 -8.07 0 0 0 0 0 0 5.7527266 19334
3.437 5.278 2.2 100000 100000 100000 100000 100000 100000 13.24 -3.872 -9.936 0 0 0 0 0 0 5.7245045 19440
3.424 5.312 2.169 100000 100000 100000 100000 100000 100000 13.324 -1.473 -8.655 0 0 0 0 0 0 5.7283993 19547
3.427 5.279 2.196 100000 100000 100000 100000 100000 100000 9.251 -5.504 -9.287 0 0 0 0 0 0 5.67441 19653
3.423 5.367 2.198 100000 100000 100000 100000 100000 100000 8.235 -5.44 -10.41 0 0 0 0 0 0 5.6070814 19760
3.415 5.352 100000 100000 100000 100000 100000 100000 100000 10.711 -0.745 0 0 0 0 0 0 0 5.6537027 19866
3.411 5.332 1.729 100000 100000 100000 100000 100000 100000 10.68 -0.765 -16.505 0 0 0 0 0 0 5.6880674 19972
3.414 5.33 2.179 100000 100000 100000 100000 100000 100000 10.051 0.188 -12.206 0 0 0 0 0 0 5.659781 20079
3.444 5.358 2.182 100000 100000 100000 100000 100000 100000 9.935 -0.435 -12.888 0 0 0 0 0 0 5.721013 20185
3.447 5.353 2.233 100000 100000 100000 100000 100000 100000 7.675 -0.375 -10.18 0 0 0 0 0 0 5.67441 20292
3.445 5.308 2.258 100000 100000 100000 100000 100000 100000 9.228 -0.579 -10.477 0 0 0 0 0 0 5.687397 20398
3.433 5.311 100000 100000 100000 100000 100000 100000 100000 8.158 0.882 0 0 0 0 0 0 0 5.675851 20504
3.439 5.28 2.229 100000 100000 100000 100000 100000 100000 8.732 -1.893 -11.287 0 0 0 0 0 0 5.720131 20611
3.467 5.317 100000 100000 100000 100000 100000 100000 100000 8.583 0.872 0 0 0 0 0 0 0 5.615399 20717
3.447 5.327 2.208 100000 100000 100000 100000 100000 100000 8.491 -2.172 -12.199 0 0 0 0 0 0 5.7314215 20824
3.464 5.293 100000 100000 100000 100000 100000 100000 100000 9.173 -9.944 0 0 0 0 0 0 0 5.669423 20930
3.482 100000 100000 100000 100000 100000 100000 100000 100000 9.036 0 0 0 0 0 0 0 0 5.6523027 21036
3.447 5.327 100000 100000 100000 100000 100000 100000 100000 2.92 -3.382 0 0 0 0 0 0 0 5.5851808 21143
3.467 5.276 100000 100000 100000 100000 100000 100000 100000 7.048 -4.676 0 0 0 0 0 0 0 5.67441 21249
3.5 5.294 100000 100000 100000 100000 100000 100000 100000 10.354 -2.106 0 0 0 0 0 0 0 5.6102724 21355
3.471 5.298 100000 100000 100000 100000 100000 100000 100000 9.406 1.684 0 0 0 0 0 0 0 5.583802 21462
3.48 5.276 100000 100000 100000 100000 100000 100000 100000 12.522 2.469 0 0 0 0 0 0 0 5.659781 21568
3.489 5.256 100000 100000 100000 100000 100000 100000 100000 5.739 -3.162 0 0 0 0 0 0 0 5.5939674 21675
3.466 5.297 100000 100000 100000 100000 100000 100000 100000 9.968 -3.247 0 0 0 0 0 0 0 5.6303453 21781
3.489 5.307 100000 100000 100000 100000 100000 100000 100000 5.086 -6.068 0 0 0 0 0 0 0 5.6070814 21887
3.488 5.292 2.124 100000 100000 100000 100000 100000 100000 3.092 -0.231 -13.252 0 0 0 0 0 0 5.566682 21994
3.478 5.323 100000 100000 100000 100000 100000 100000 100000 4.311 2.452 0 0 0 0 0 0 0 5.6652193 22100
3.472 5.3 100000 100000 100000 100000 100000 100000 100000 9.08 3.291 0 0 0 0 0 0 0 5.6070814 22207
3.473 5.294 100000 100000 100000 100000 100000 100000 100000 6.818 4.461 0 0 0 0 0 0 0 5.471499 22313
5.305 3.461 100000 100000 100000 100000 100000 100000 100000 4.198 3.152 0 0 0 0 0 0 0 5.503525 22419
3.476 5.295 100000 100000 100000 100000 100000 100000 100000 6.164 -1.622 0 0 0 0 0 0 0 5.5028467 22526
3.515 5.271 2.274 100000 100000 100000 100000 100000 100000 3.241 -6.455 -11.675 0 0 0 0 0 0 5.5771832 22632
3.515 5.272 2.168 100000 100000 100000 100000 100000 100000 5.737 0.598 -14.801 0 0 0 0 0 0 5.566682 22739
3.508 5.29 100000 100000 100000 100000 100000 100000 100000 5.923 5.512 0 0 0 0 0 0 0 5.516593 22845
3.508 5.277 100000 100000 100000 100000 100000 100000 100000 8.884 6.973 0 0 0 0 0 0 0 5.532943 22951
5.274 3.488 100000 100000 100000 100000 100000 100000 100000 7.739 4.834 0 0 0 0 0 0 0 5.5477743 23058
5.285 3.473 100000 100000 100000 100000 100000 100000 100000 7.286 5.964 0 0 0 0 0 0 0 5.516593 23164
5.287 3.547 100000 100000 100000 100000 100000 100000 100000 8.107 3.81 0 0 0 0 0 0 0 5.540313 23270
5.291 3.502 100000 100000 100000 100000 100000 100000 100000 7.322 2.157 0 0 0 0 0 0 0 5.486518 23377
3.568 5.273 100000 100000 100000 100000 100000 100000 100000 7.191 6.203 0 0 0 0 0 0 0 5.496724 23483
5.282 3.552 100000 100000 100000 100000 100000 100000 100000 5.744 0.481 0 0 0 0 0 0 0 5.4192 23590
5.306 3.506 2.112 100000 100000 100000 100000 100000 100000 8.695 3.694 -13.632 0 0 0 0 0 0 5.4917603 23696
5.312 3.538 1.829 100000 100000 100000 100000 100000 100000 9.724 2.449 -17.206 0 0 0 0 0 0 5.4021206 23802
5.302 3.468 100000 100000 100000 100000 100000 100000 100000 12.212 3.442 0 0 0 0 0 0 0 5.471499 23909
5.286 3.614 2.01 100000 100000 100000 100000 100000 100000 11.252 0.719 -14.754 0 0 0 0 0 0 5.3912506 24015
5.291 3.554 100000 100000 100000 100000 100000 100000 100000 11.252 2.205 0 0 0 0 0 0 0 5.4814587 24122
5.295 100000 100000 100000 100000 100000 100000 100000 100000 9.965 0 0 0 0 0 0 0 0 5.3771596 24228
5.302 3.129 100000 100000 100000 100000 100000 100000 100000 8.616 -6.478 0 0 0 0 0 0 0 5.4093075 24334
5.277 3.541 100000 100000 100000 100000 100000 100000 100000 5.932 -2.429 0 0 0 0 0 0 0 5.4681277 24441
5.259 3.852 100000 100000 100000 100000 100000 100000 100000 6.496 -7.764 0 0 0 0 0 0 0 5.372815 24547
5.234 3.49 100000 100000 100000 100000 100000 100000 100000 7.81 -4.143 0 0 0 0 0 0 0 5.3957753 24654
5.247 100000 100000 100000 100000 100000 100000 100000 100000 6.95 0 0 0 0 0 0 0 0 5.3911133 24760
5.239 1.818 100000 100000 100000 100000 100000 100000 100000 7.737 -15.509 0 0 0 0 0 0 0 5.2749395 24866
5.236 100000 100000 100000 100000 100000 100000 100000 100000 8.488 0 0 0 0 0 0 0 0 5.327305 24973
5.244 100000 100000 100000 100000 100000 100000 100000 100000 11.057 0 0 0 0 0 0 0 0 5.3546576 25079
5.228 1.666 100000 100000 100000 100000 100000 100000 100000 12.087 -17.629 0 0 0 0 0 0 0 5.3071814 25185
5.229 3.8 2.7 100000 100000 100000 100000 100000 100000 14.669 1.122 -10.845 0 0 0 0 0 0 5.3243284 25292
5.225 3.816 2.751 100000 100000 100000 100000 100000 100000 13.612 1.237 -8.518 0 0 0 0 0 0 5.191078 25398
5.239 3.823 100000 100000 100000 100000 100000 100000 100000 15.746 -3.2 0 0 0 0 0 0 0 5.0830965 25505
5.264 3.848 100000 100000 100000 100000 100000 100000 100000 15.375 0.446 0 0 0 0 0 0 0 5.2820807 25611
5.229 3.833 100000 100000 100000 100000 100000 100000 100000 14.594 -0.975 0 0 0 0 0 0 0 5.2202816 25717
5.224 3.778 100000 100000 100000 100000 100000 100000 100000 10.627 -1.872 0 0 0 0 0 0 0 5.1220827 25824
5.243 3.849 100000 100000 100000 100000 100000 100000 100000 12.793 0.661 0 0 0 0 0 0 0 5.186758 25930
5.239 3.811 100000 100000 100000 100000 100000 100000 100000 11.096 4.843 0 0 0 0 0 0 0 5.1324863 26037
5.236 3.753 100000 100000 100000 100000 100000 100000 100000 11.894 2.358 0 0 0 0 0 0 0 5.0876245 26143
5.232 3.769 100000 100000 100000 100000 100000 100000 100000 13.525 5.611 0 0 0 0 0 0 0 5.1279154 26249
5.227 3.747 2.001 100000 100000 100000 100000 100000 100000 11.69 1.125 -11.704 0 0 0 0 0 0 5.0107384 26356
5.254 3.761 100000 100000 100000 100000 100000 100000 100000 12.126 -2.371 0 0 0 0 0 0 0 5.092148 26462
5.252 3.796 2.8 100000 100000 100000 100000 100000 100000 11.586 -0.101 -6.165 0 0 0 0 0 0 4.9468813 26569
5.269 3.696 3.309 100000 100000 100000 100000 100000 100000 12.09 2.909 -4.64 0 0 0 0 0 0 5.0731506 26675
5.265 3.707 2.126 100000 100000 100000 100000 100000 100000 10.908 4.014 -9.217 0 0 0 0 0 0 4.913744 26781
5.303 3.691 2.085 100000 100000 100000 100000 100000 100000 12.722 1.835 -7.921 0 0 0 0 0 0 4.8817706 26888
5.306 3.705 2.066 100000 100000 100000 100000 100000 100000 11.731 2.947 -9.868 0 0 0 0 0 0 4.9394145 26994
5.306 3.737 100000 100000 100000 100000 100000 100000 100000 13.801 2.878 0 0 0 0 0 0 0 4.9013214 27100
5.302 3.694 1.989 100000 100000 100000 100000 100000 100000 12.865 -2.376 -8.927 0 0 0 0 0 0 4.930363 27207
5.32 3.796 2.612 100000 100000 100000 100000 100000 100000 12.121 -0.595 -5.017 0 0 0 0 0 0 4.8059006 27313
5.273 3.684 2.599 100000 100000 100000 100000 100000 100000 8.049 -2.933 -3.593 0 0 0 0 0 0 4.941345 27420
5.202 3.657 2.58 100000 100000 100000 100000 100000 100000 4.238 3.212 -6.167 0 0 0 0 0 0 4.899774 27526
5.247 3.698 2.672 100000 100000 100000 100000 100000 100000 6.133 4.713 -6.848 0 0 0 0 0 0 4.8010054 27632
5.238 3.675 100000 100000 100000 100000 100000 100000 100000 5.744 2.984 0 0 0 0 0 0 0 4.7719 27739
3.72 5.17 2.051 100000 100000 100000 100000 100000 100000 6.934 1.85 -9.08 0 0 0 0 0 0 4.755178 27845
3.731 5.188 2.066 100000 100000 100000 100000 100000 100000 12.239 3.352 -8.089 0 0 0 0 0 0 4.8129125 27952
3.686 5.153 1.976 100000 100000 100000 100000 100000 100000 11.871 -0.847 -3.776 0 0 0 0 0 0 4.6811376 28058
3.705 5.19 1.912 100000 100000 100000 100000 100000 100000 12.442 -3.286 -5.507 0 0 0 0 0 0 4.717748 28164
3.703 5.28 2.045 100000 100000 100000 100000 100000 100000 13.594 1.641 -8.804 0 0 0 0 0 0 4.682781 28271
3.681 5.326 2.297 100000 100000 100000 100000 100000 100000 12.541 5.384 -10.24 0 0 0 0 0 0 4.621877 28377
3.688 5.347 1.893 100000 100000 100000 100000 100000 100000 10.099 1.29 -8.366 0 0 0 0 0 0 4.6785035 28484
3.71 2.457 2.017 100000 100000 100000 100000 100000 100000 12.504 -6.218 -8.464 0 0 0 0 0 0 4.60261 28590
3.688 2.544 5.396 100000 100000 100000 100000 100000 100000 12.717 -3.634 -6.779 0 0 0 0 0 0 4.569814 28696
3.686 2.664 5.293 100000 100000 100000 100000 100000 100000 10.85 2.704 1.853 0 0 0 0 0 0 4.5804453 28803
3.694 5.338 2.595 100000 100000 100000 100000 100000 100000 13.283 6.587 1.019 0 0 0 0 0 0 4.5928326 28909
3.675 5.361 6.717 1.977 100000 100000 100000 100000 100000 11.735 6.603 -4.975 -7.06 0 0 0 0 0 4.579746 29015
3.683 5.349 2.061 100000 100000 100000 100000 100000 100000 13.623 4.958 -1.199 0 0 0 0 0 0 4.5742517 29122
3.681 5.388 2.15 100000 100000 100000 100000 100000 100000 13.721 4.917 -3.468 0 0 0 0 0 0 4.512266 29228
3.687 5.358 2.081 100000 100000 100000 100000 100000 100000 13.005 6.602 -4.685 0 0 0 0 0 0 4.6188774 29335
3.697 5.377 2.607 100000 100000 100000 100000 100000 100000 12.879 3.117 -5.149 0 0 0 0 0 0 4.533452 29441
3.691 5.382 2.087 100000 100000 100000 100000 100000 100000 14.946 5.807 -10.87 0 0 0 0 0 0 4.4872603 29547
3.703 5.383 2.004 100000 100000 100000 100000 100000 100000 14.545 -2.124 -7.218 0 0 0 0 0 0 4.4788804 29654
3.69 1.974 100000 100000 100000 100000 100000 100000 100000 10.901 -7.187 0 0 0 0 0 0 0 4.3326306 29760
3.67 5.439 1.866 100000 100000 100000 100000 100000 100000 9.637 -2.516 -7.701 0 0 0 0 0 0 4.3104954 29867
3.697 1.886 5.328 100000 100000 100000 100000 100000 100000 9.381 -3.974 -4.121 0 0 0 0 0 0 4.2305183 29973
3.72 1.881 5.418 100000 100000 100000 100000 100000 100000 9.22 -4.045 -5.992 0 0 0 0 0 0 4.2882395 30079
3.666 2.013 100000 100000 100000 100000 100000 100000 100000 9.445 -3.466 0 0 0 0 0 0 0 4.194765 30186
3.67 2.246 100000 100000 100000 100000 100000 100000 100000 10.73 -5.666 0 0 0 0 0 0 0 4.155421 30292
3.673 1.948 100000 100000 100000 100000 100000 100000 100000 10.678 -6.22 0 0 0 0 0 0 0 4.0867867 30399
3.667 2.138 100000 100000 100000 100000 100000 100000 100000 9.833 -4.468 0 0 0 0 0 0 0 4.2217417 30505
3.682 1.841 100000 100000 100000 100000 100000 100000 100000 10.718 -5.457 0 0 0 0 0 0 0 4.119554 30611
3.688 1.873 100000 100000 100000 100000 100000 100000 100000 11.875 -6.402 0 0 0 0 0 0 0 4.176087 30718
3.693 1.769 100000 100000 100000 100000 100000 100000 100000 12.375 -6.9 0 0 0 0 0 0 0 4.1154594 30824
3.701 1.818 100000 100000 100000 100000 100000 100000 100000 15.277 -10.477 0 0 0 0 0 0 0 4.1758876 30930
3.694 1.811 100000 100000 100000 100000 100000 100000 100000 14.283 -5.432 0 0 0 0 0 0 0 4.1998386 31037
3.734 1.804 100000 100000 100000 100000 100000 100000 100000 10.388 -9.675 0 0 0 0 0 0 0 4.1506686 31143
3.767 2.593 100000 100000 100000 100000 100000 100000 100000 11.055 -3.456 0 0 0 0 0 0 0 4.103166 31250
3.733 1.853 100000 100000 100000 100000 100000 100000 100000 7.953 -4.191 0 0 0 0 0 0 0 3.9970279 31356
3.745 1.941 100000 100000 100000 100000 100000 100000 100000 10.821 -7.849 0 0 0 0 0 0 0 3.999214 31462
3.709 1.919 100000 100000 100000 100000 100000 100000 100000 8.374 1.211 0 0 0 0 0 0 0 4.0113487 31569
3.674 1.993 100000 100000 100000 100000 100000 100000 100000 6.64 -2.326 0 0 0 0 0 0 0 3.9908848 31675
3.709 2.613 1.975 100000 100000 100000 100000 100000 100000 8.321 -1.177 -3.692 0 0 0 0 0 0 4.01593 31782
3.712 1.952 100000 100000 100000 100000 100000 100000 100000 7.329 -1.947 0 0 0 0 0 0 0 3.9517622 31888
3.647 2.621 1.902 100000 100000 100000 100000 100000 100000 5.734 -2.479 -8.14 0 0 0 0 0 0 3.8560042 31994
3.684 1.866 100000 100000 100000 100000 100000 100000 100000 5.911 -6.576 0 0 0 0 0 0 0 4.0993915 32101
3.679 1.865 100000 100000 100000 100000 100000 100000 100000 1.372 -5.116 0 0 0 0 0 0 0 3.8569052 32207
3.689 2.63 1.862 100000 100000 100000 100000 100000 100000 1.507 -3.075 -6.625 0 0 0 0 0 0 3.7873259 32314
3.644 2.015 5.145 100000 100000 100000 100000 100000 100000 -3.212 -5.382 -6.832 0 0 0 0 0 0 3.7797923 32420
2.196 3.719 100000 100000 100000 100000 100000 100000 100000 -1.929 -3.957 0 0 0 0 0 0 0 3.856196 32526
3.749 1.953 100000 100000 100000 100000 100000 100000 100000 0.764 -5.274 0 0 0 0 0 0 0 3.6455991 32633
3.667 2.22 100000 100000 100000 100000 100000 100000 100000 -2.972 -4.192 0 0 0 0 0 0 0 3.7507594 32739
3.742 2.073 6.327 100000 100000 100000 100000 100000 100000 1.13 -0.482 -3.978 0 0 0 0 0 0 3.757637 32845
3.804 2.65 2.164 100000 100000 100000 100000 100000 100000 0.289 -1.158 -1.624 0 0 0 0 0 0 3.759559 32952
2.667 3.721 6.188 2.033 100000 100000 100000 100000 100000 -2.364 -2.886 -4.512 -6.143 0 0 0 0 0 3.7526312 33058
3.788 2.025 100000 100000 100000 100000 100000 100000 100000 -1.068 -5.223 0 0 0 0 0 0 0 3.7488263 33165
3.779 6.133 2.176 100000 100000 100000 100000 100000 100000 -0.57 -3.659 -6.012 0 0 0 0 0 0 3.737596 33271
3.806 6.174 1.889 100000 100000 100000 100000 100000 100000 3.578 0.195 -5.041 0 0 0 0 0 0 3.6885593 33377
6.153 3.73 2.068 100000 100000 100000 100000 100000 100000 3.575 -3.106 -4.408 0 0 0 0 0 0 3.60855 33484
3.917 6.123 2.115 100000 100000 100000 100000 100000 100000 3.502 1.335 -4.594 0 0 0 0 0 0 3.6387587 33590
6.111 3.822 2.255 1.855 100000 100000 100000 100000 100000 -0.091 -3.855 -6.939 -10.851 0 0 0 0 0 3.6896656 33697
6.117 3.782 2.018 100000 100000 100000 100000 100000 100000 -0.675 -1.779 -2.792 0 0 0 0 0 0 3.707784 33803
6.153 4.164 3.8 2.236 100000 100000 100000 100000 100000 -1.673 -3.266 -4.827 -7.92 0 0 0 0 0 3.5733352 33909
6.085 3.732 1.975 100000 100000 100000 100000 100000 100000 -2.279 -2.393 -10.655 0 0 0 0 0 0 3.5522816 34016
3.807 6.078 2.211 100000 100000 100000 100000 100000 100000 -2.654 -3.837 -10.649 0 0 0 0 0 0 3.6419778 34122
3.874 2.209 6.102 100000 100000 100000 100000 100000 100000 -3.084 -5.027 -5.126 0 0 0 0 0 0 3.4932315 34229
6.133 3.835 2.063 100000 100000 100000 100000 100000 100000 -2.743 -5.786 -7.079 0 0 0 0 0 0 3.5483778 34335
6.099 3.772 2.147 100000 100000 100000 100000 100000 100000 -1.824 -5.438 -5.682 0 0 0 0 0 0 3.523204 34441
6.135 2.136 100000 100000 100000 100000 100000 100000 100000 -4.158 -4.939 0 0 0 0 0 0 0 3.5293226 34548
6.037 2.103 100000 100000 100000 100000 100000 100000 100000 -3.31 -7.107 0 0 0 0 0 0 0 3.5447383 34654
4.838 6.151 2.142 100000 100000 100000 100000 100000 100000 -1.417 -1.479 -6.886 0 0 0 0 0 0 3.4026434 34760
6.176 4.859 2.147 100000 100000 100000 100000 100000 100000 1.616 -1.907 -11.288 0 0 0 0 0 0 3.3742497 34867
6.214 2.15 100000 100000 100000 100000 100000 100000 100000 3.146 -9.686 0 0 0 0 0 0 0 3.4492633 34973
6.173 4.907 2.26 100000 100000 100000 100000 100000 100000 4.827 -1.147 -14.289 0 0 0 0 0 0 3.4277413 35080
6.157 100000 100000 100000 100000 100000 100000 100000 100000 -0.138 0 0 0 0 0 0 0 0 3.40496 35186
6.212 4.868 2.216 100000 100000 100000 100000 100000 100000 1.778 -0.243 -8.66 0 0 0 0 0 0 3.281892 35292
6.22 4.859 2.693 100000 100000 100000 100000 100000 100000 1.869 -0.287 -10.706 0 0 0 0 0 0 3.2572253 35399
6.253 4.804 3.833 2.467 1.915 100000 100000 100000 100000 0.168 0.026 -2.854 -8.982 -13.262 0 0 0 0 3.411516 35505
4.83 2.073 100000 100000 100000 100000 100000 100000 100000 6.592 -12.554 0 0 0 0 0 0 0 3.1808457 35612
4.859 2.293 100000 100000 100000 100000 100000 100000 100000 1.869 -13.206 0 0 0 0 0 0 0 3.2235866 35718
6.258 4.819 2.264 100000 100000 100000 100000 100000 100000 2.072 -2.064 -10.26 0 0 0 0 0 0 3.2327337 35824
6.201 4.764 2.294 100000 100000 100000 100000 100000 100000 1.442 0.631 -8.469 0 0 0 0 0 0 3.120313 35931
6.128 4.798 2.401 100000 100000 100000 100000 100000 100000 -0.046 -6.065 -13.551 0 0 0 0 0 0 3.0930758 36037
4.823 100000 100000 100000 100000 100000 100000 100000 100000 1.406 0 0 0 0 0 0 0 0 3.1415927 36144
4.835 6.175 2.351 100000 100000 100000 100000 100000 100000 6.045 -0.617 -13.339 0 0 0 0 0 0 2.9857085 36250
4.807 6.259 100000 100000 100000 100000 100000 100000 100000 4.16 1.745 0 0 0 0 0 0 0 3.0902762 36356
4.787 6.3 100000 100000 100000 100000 100000 100000 100000 4.444 -0.82 0 0 0 0 0 0 0 3.0770602 36463
4.804 6.295 3.666 100000 100000 100000 100000 100000 100000 6.892 -2.653 -5.591 0 0 0 0 0 0 3.035578 36569
4.784 6.246 100000 100000 100000 100000 100000 100000 100000 7.352 -1.406 0 0 0 0 0 0 0 2.9490972 36675
4.794 6.251 3.818 100000 100000 100000 100000 100000 100000 8.666 -0.723 -3.28 0 0 0 0 0 0 2.8730729 36782
4.796 100000 100000 100000 100000 100000 100000 100000 100000 10.97 0 0 0 0 0 0 0 0 2.8271596 36888
4.823 100000 100000 100000 100000 100000 100000 100000 100000 11.815 0 0 0 0 0 0 0 0 2.8886409 36995
4.815 6.258 100000 100000 100000 100000 100000 100000 100000 12.672 -3.686 0 0 0 0 0 0 0 2.9271045 37101
4.823 100000 100000 100000 100000 100000 100000 100000 100000 14.32 0 0 0 0 0 0 0 0 2.8945117 37207
4.836 2.343 100000 100000 100000 100000 100000 100000 100000 12.383 -15.056 0 0 0 0 0 0 0 2.8945117 37314
4.798 3.807 100000 100000 100000 100000 100000 100000 100000 13.868 0.184 0 0 0 0 0 0 0 2.9441278 37420
4.812 100000 100000 100000 100000 100000 100000 100000 100000 13.682 0 0 0 0 0 0 0 0 2.8147633 37527
4.802 100000 100000 100000 100000 100000 100000 100000 100000 14.066 0 0 0 0 0 0 0 0 2.8826303 37633
4.798 100000 100000 100000 100000 100000 100000 100000 100000 13.413 0 0 0 0 0 0 0 0 2.8393698 37739
4.779 100000 100000 100000 100000 100000 100000 100000 100000 11.049 0 0 0 0 0 0 0 0 2.6883512 37846
4.797 100000 100000 100000 100000 100000 100000 100000 100000 13.819 0 0 0 0 0 0 0 0 2.97949 37952
4.787 2.382 100000 100000 100000 100000 100000 100000 100000 12.662 -11.5 0 0 0 0 0 0 0 2.8021874 38059
4.807 100000 100000 100000 100000 100000 100000 100000 100000 13.376 0 0 0 0 0 0 0 0 2.7371309 38165
4.777 100000 100000 100000 100000 100000 100000 100000 100000 12.957 0 0 0 0 0 0 0 0 2.833922 38271
4.796 100000 100000 100000 100000 100000 100000 100000 100000 12.674 0 0 0 0 0 0 0 0 2.6928227 38378
4.79 100000 100000 100000 100000 100000 100000 100000 100000 10.767 0 0 0 0 0 0 0 0 2.7508593 38484
4.784 100000 100000 100000 100000 100000 100000 100000 100000 12.337 0 0 0 0 0 0 0 0 2.6667764 38590
4.828 100000 100000 100000 100000 100000 100000 100000 100000 16.693 0 0 0 0 0 0 0 0 2.781415 38697
4.799 100000 100000 100000 100000 100000 100000 100000 100000 15.436 0 0 0 0 0 0 0 0 2.6971505 38803
4.809 100000 100000 100000 100000 100000 100000 100000 100000 12.655 0 0 0 0 0 0 0 0 2.7162561 38910
4.783 3.861 2.073 100000 100000 100000 100000 100000 100000 11.517 0.326 -15.04 0 0 0 0 0 0 2.7582314 39016
4.821 3.857 100000 100000 100000 100000 100000 100000 100000 11.039 -0.113 0 0 0 0 0 0 0 2.5838904 39122
4.799 100000 100000 100000 100000 100000 100000 100000 100000 10.5 0 0 0 0 0 0 0 0 2.578075 39229
4.755 100000 100000 100000 100000 100000 100000 100000 100000 10.786 0 0 0 0 0 0 0 0 2.5526738 39335
4.768 100000 100000 100000 100000 100000 100000 100000 100000 15.108 0 0 0 0 0 0 0 0 2.5571399 39442
4.804 100000 100000 100000 100000 100000 100000 100000 100000 17.074 0 0 0 0 0 0 0 0 2.4837487 39548
4.789 100000 100000 100000 100000 100000 100000 100000 100000 16.332 0 0 0 0 0 0 0 0 2.4350288 39654
4.803 100000 100000 100000 100000 100000 100000 100000 100000 15.453 0 0 0 0 0 0 0 0 2.494125 39761
4.781 100000 100000 100000 100000 100000 100000 100000 100000 14.724 0 0 0 0 0 0 0 0 2.3782132 39867
4.795 100000 100000 100000 100000 100000 100000 100000 100000 15.096 0 0 0 0 0 0 0 0 2.3388238 39974
4.803 3.847 100000 100000 100000 100000 100000 100000 100000 16.329 1.363 0 0 0 0 0 0 0 2.4514441 40080
4.793 100000 100000 100000 100000 100000 100000 100000 100000 14.444 0 0 0 0 0 0 0 0 2.4584076 40186
4.772 100000 100000 100000 100000 100000 100000 100000 100000 14.22 0 0 0 0 0 0 0 0 2.4029605 40293
4.769 100000 100000 100000 100000 100000 100000 100000 100000 13.315 0 0 0 0 0 0 0 0 2.436033 40399
4.767 100000 100000 100000 100000 100000 100000 100000 100000 13.492 0 0 0 0 0 0 0 0 2.4327686 40506
4.771 100000 100000 100000 100000 100000 100000 100000 100000 12.588 0 0 0 0 0 0 0 0 2.3577394 40612
4.776 100000 100000 100000 100000 100000 100000 100000 100000 13.112 0 0 0 0 0 0 0 0 2.4721994 40718
4.788 100000 100000 100000 100000 100000 100000 100000 100000 12.486 0 0 0 0 0 0 0 0 2.3327432 40825
4.79 100000 100000 100000 100000 100000 100000 100000 100000 13.412 0 0 0 0 0 0 0 0 2.3549604 40931
4.812 100000 100000 100000 100000 100000 100000 100000 100000 13.408 0 0 0 0 0 0 0 0 2.3539732 41037
4.847 100000 100000 100000 100000 100000 100000 100000 100000 12.887 0 0 0 0 0 0 0 0 2.4350288 41144
4.79 3.81 100000 100000 100000 100000 100000 100000 100000 11.257 -1.559 0 0 0 0 0 0 0 2.4188828 41250
4.841 100000 100000 100000 100000 100000 100000 100000 100000 15.865 0 0 0 0 0 0 0 0 2.2853708 41357
4.811 100000 100000 100000 100000 100000 100000 100000 100000 11.491 0 0 0 0 0 0 0 0 2.3184836 41463
4.797 100000 100000 100000 100000 100000 100000 100000 100000 8.487 0 0 0 0 0 0 0 0 2.3618426 41569
4.829 100000 100000 100000 100000 100000 100000 100000 100000 8.558 0 0 0 0 0 0 0 0 2.2655642 41676
4.856 100000 100000 100000 100000 100000 100000 100000 100000 12.885 0 0 0 0 0 0 0 0 2.216098 41782
4.854 3.866 100000 100000 100000 100000 100000 100000 100000 13.001 -0.76 0 0 0 0 0 0 0 2.3169594 41889
4.873 100000 100000 100000 100000 100000 100000 100000 100000 13.21 0 0 0 0 0 0 0 0 2.219078 41995
4.883 100000 100000 100000 100000 100000 100000 100000 100000 14.708 0 0 0 0 0 0 0 0 2.2485127 42101
4.839 3.77 100000 100000 100000 100000 100000 100000 100000 6.049 -3.98 0 0 0 0 0 0 0 2.2192616 42208
4.805 3.902 100000 100000 100000 100000 100000 100000 100000 5.848 -1.763 0 0 0 0 0 0 0 2.2853708 42314
4.865 3.919 100000 100000 100000 100000 100000 100000 100000 12.271 0.393 0 0 0 0 0 0 0 2.2192616 42421
4.85 100000 100000 100000 100000 100000 100000 100000 100000 8.808 0 0 0 0 0 0 0 0 2.1927006 42527
4.851 100000 100000 100000 100000 100000 100000 100000 100000 7.271 0 0 0 0 0 0 0 0 2.1571674 42633
4.857 100000 100000 100000 100000 100000 100000 100000 100000 6.099 0 0 0 0 0 0 0 0 2.2229955 42740
4.835 100000 100000 100000 100000 100000 100000 100000 100000 4.65 0 0 0 0 0 0 0 0 2.1657643 42846
4.849 3.353 100000 100000 100000 100000 100000 100000 100000 6.827 -7.358 0 0 0 0 0 0 0 2.088673 42952
4.877 100000 100000 100000 100000 100000 100000 100000 100000 3.329 0 0 0 0 0 0 0 0 2.0935855 43059
4.854 100000 100000 100000 100000 100000 100000 100000 100000 0.881 0 0 0 0 0 0 0 0 1.9761074 43165
100000 100000 100000 100000 100000 100000 100000 100000 100000 0 0 0 0 0 0 0 0 0 1.8988987 43272
100000 100000 100000 100000 100000 100000 100000 100000 100000 0 0 0 0 0 0 0 0 0 1.9353486 43378
4.909 1.79 100000 100000 100000 100000 100000 100000 100000 1.539 -20.051 0 0 0 0 0 0 0 2.0101817 43484
4.888 3.891 100000 100000 100000 100000 100000 100000 100000 1.423 -4.179 0 0 0 0 0 0 0 1.9103115 43591
4.868 100000 100000 100000 100000 100000 100000 100000 100000 -4.987 0 0 0 0 0 0 0 0 2.0194178 43697
4.834 100000 100000 100000 100000 100000 100000 100000 100000 0.733 0 0 0 0 0 0 0 0 1.7932955 43804
4.871 100000 100000 100000 100000 100000 100000 100000 100000 5.556 0 0 0 0 0 0 0 0 1.7731441 43910
4.875 100000 100000 100000 100000 100000 100000 100000 100000 4.125 0 0 0 0 0 0 0 0 1.8037758 44016
4.846 100000 100000 100000 100000 100000 100000 100000 100000 -3.685 0 0 0 0 0 0 0 0 1.8941344 44123
4.957 100000 100000 100000 100000 100000 100000 100000 100000 -0.278 0 0 0 0 0 0 0 0 1.8780243 44229
4.882 100000 100000 100000 100000 100000 100000 100000 100000 3.038 0 0 0 0 0 0 0 0 1.8766918 44336
4.939 100000 100000 100000 100000 100000 100000 100000 100000 -0.431 0 0 0 0 0 0 0 0 1.8271983 44442
100000 100000 100000 100000 100000 100000 100000 100000 100000 0 0 0 0 0 0 0 0 0 1.9020083 44548
4.908 100000 100000 100000 100000 100000 100000 100000 100000 -4.615 0 0 0 0 0 0 0 0 1.8362522 44655
100000 100000 100000 100000 100000 100000 100000 100000 100000 0 0 0 0 0 0 0 0 0 1.8271983 44761
100000 100000 100000 100000 100000 100000 100000 100000 100000 0 0 0 0 0 0 0 0 0 1.759946 44867
100000 100000 100000 100000 100000 100000 100000 100000 100000 0 0 0 0 0 0 0 0 0 1.7794864 44974
100000 100000 100000 100000 100000 100000 100000 100000 100000 0 0 0 0 0 0 0 0 0 1.8049612 45080
3.971 100000 100000 100000 100000 100000 100000 100000 100000 -6.897 0 0 0 0 0 0 0 0 1.7764915 45187
100000 100000 100000 100000 100000 100000 100000 100000 100000 0 0 0 0 0 0 0 0 0 1.733901 45293
100000 100000 100000 100000 100000 100000 100000 100000 100000 0 0 0 0 0 0 0 0 0 1.6468501 45399
100000 100000 100000 100000 100000 100000 100000 100000 100000 0 0 0 0 0 0 0 0 0 1.7119503 45506
100000 100000 100000 100000 100000 100000 100000 100000 100000 0 0 0 0 0 0 0 0 0 1.77321 45612
5.218 100000 100000 100000 100000 100000 100000 100000 100000 -5.455 0 0 0 0 0 0 0 0 1.6746274 45719
4.928 100000 100000 100000 100000 100000 100000 100000 100000 -5.581 0 0 0 0 0 0 0 0 1.6492935 45825
6.505 100000 100000 100000 100000 100000 100000 100000 100000 -0.238 0 0 0 0 0 0 0 0 1.7057972 45931
6.571 100000 100000 100000 100000 100000 100000 100000 100000 -0.74 0 0 0 0 0 0 0 0 1.6224279 46038
6.489 100000 100000 100000 100000 100000 100000 100000 100000 -5.814 0 0 0 0 0 0 0 0 1.7505441 46144
5.403 100000 100000 100000 100000 100000 100000 100000 100000 -7.734 0 0 0 0 0 0 0 0 1.6235017 46251
100000 100000 100000 100000 100000 100000 100000 100000 100000 0 0 0 0 0 0 0 0 0 1.5887533 46357
6.455 5.023 100000 100000 100000 100000 100000 100000 100000 2.25 -4.178 0 0 0 0 0 0 0 1.5992086 46463
100000 100000 100000 100000 100000 100000 100000 100000 100000 0 0 0 0 0 0 0 0 0 1.5760554 46570
6.47 100000 100000 100000 100000 100000 100000 100000 100000 -0.948 0 0 0 0 0 0 0 0 1.5095874 46676
100000 100000 100000 100000 100000 100000 100000 100000 100000 0 0 0 0 0 0 0 0 0 1.4781874 46782
6.484 100000 100000 100000 100000 100000 100000 100000 100000 5.523 0 0 0 0 0 0 0 0 1.4543264 46889
6.484 100000 100000 100000 100000 100000 100000 100000 100000 3.235 0 0 0 0 0 0 0 0 1.4762402 46995
100000 100000 100000 100000 100000 100000 100000 100000 100000 0 0 0 0 0 0 0 0 0 1.4483193 47102
100000 100000 100000 100000 100000 100000 100000 100000 100000 0 0 0 0 0 0 0 0 0 1.3675021 47208
6.497 100000 100000 100000 100000 100000 100000 100000 100000 5.288 0 0 0 0 0 0 0 0 1.4169879 47314
6.514 100000 100000 100000 100000 100000 100000 100000 100000 2.636 0 0 0 0 0 0 0 0 1.3704792 47421
3.55 100000 100000 100000 100000 100000 100000 100000 100000 -5.32 0 0 0 0 0 0 0 0 1.3110734 47527
6.499 100000 100000 100000 100000 100000 100000 100000 100000 6.763 0 0 0 0 0 0 0 0 1.3936291 47634
6.485 100000 100000 100000 100000 100000 100000 100000 100000 9.414 0 0 0 0 0 0 0 0 1.3482974 47740
6.447 100000 100000 100000 100000 100000 100000 100000 100000 6.27 0 0 0 0 0 0 0 0 1.3588727 47846
6.443 100000 100000 100000 100000 100000 100000 100000 100000 0.427 0 0 0 0 0 0 0 0 1.4194521 47953
6.063 100000 100000 100000 100000 100000 100000 100000 100000 -2.472 0 0 0 0 0 0 0 0 1.2854716 48059
6.503 100000 100000 100000 100000 100000 100000 100000 100000 8.819 0 0 0 0 0 0 0 0 1.4074308 48166
6.453 100000 100000 100000 100000 100000 100000 100000 100000 -2.164 0 0 0 0 0 0 0 0 1.2937295 48272
6.364 100000 100000 100000 100000 100000 100000 100000 100000 2.497 0 0 0 0 0 0 0 0 1.4194521 48378
6.485 100000 100000 100000 100000 100000 100000 100000 100000 5.074 0 0 0 0 0 0 0 0 1.2576278 48485
6.464 100000 100000 100000 100000 100000 100000 100000 100000 0.996 0 0 0 0 0 0 0 0 1.2431872 48591
6.816 5.86 100000 100000 100000 100000 100000 100000 100000 5.863 2.181 0 0 0 0 0 0 0 1.2645531 48698
6.449 100000 100000 100000 100000 100000 100000 100000 100000 11.637 0 0 0 0 0 0 0 0 1.182759 48804
6.47 100000 100000 100000 100000 100000 100000 100000 100000 13.676 0 0 0 0 0 0 0 0 1.2166083 48910
6.455 3.497 100000 100000 100000 100000 100000 100000 100000 12.82 -6.807 0 0 0 0 0 0 0 1.089297 49017
6.452 100000 100000 100000 100000 100000 100000 100000 100000 15.318 0 0 0 0 0 0 0 0 1.0941918 49123
6.472 3.446 100000 100000 100000 100000 100000 100000 100000 15.593 -5.955 0 0 0 0 0 0 0 1.089297 49229
6.468 100000 100000 100000 100000 100000 100000 100000 100000 14.642 0 0 0 0 0 0 0 0 1.1257458 49336
6.482 100000 100000 100000 100000 100000 100000 100000 100000 13.601 0 0 0 0 0 0 0 0 1.0621397 49442
6.446 100000 100000 100000 100000 100000 100000 100000 100000 11.12 0 0 0 0 0 0 0 0 1.0743666 49549
6.429 100000 100000 100000 100000 100000 100000 100000 100000 13.223 0 0 0 0 0 0 0 0 1.002053 49655
6.432 100000 100000 100000 100000 100000 100000 100000 100000 13.378 0 0 0 0 0 0 0 0 1.1094289 49761
5.79 100000 100000 100000 100000 100000 100000 100000 100000 0.248 0 0 0 0 0 0 0 0 1.0834906 49868
6.443 100000 100000 100000 100000 100000 100000 100000 100000 14.891 0 0 0 0 0 0 0 0 1.0358038 49974
6.645 100000 100000 100000 100000 100000 100000 100000 100000 7.288 0 0 0 0 0 0 0 0 0.94161916 50081
6.526 100000 100000 100000 100000 100000 100000 100000 100000 15.665 0 0 0 0 0 0 0 0 1.0263231 50187
6.544 5.713 100000 100000 100000 100000 100000 100000 100000 10.192 6.365 0 0 0 0 0 0 0 0.9905431 50293
5.731 6.679 3.515 100000 100000 100000 100000 100000 100000 4.836 4.685 -3.445 0 0 0 0 0 0 1.0256712 50400
5.735 100000 100000 100000 100000 100000 100000 100000 100000 4.185 0 0 0 0 0 0 0 0 0.96738005 50506
6.474 5.728 100000 100000 100000 100000 100000 100000 100000 12.308 9.476 0 0 0 0 0 0 0 0.96065664 50613
6.456 100000 100000 100000 100000 100000 100000 100000 100000 14.594 0 0 0 0 0 0 0 0 0.9665849 50719
6.447 2.468 100000 100000 100000 100000 100000 100000 100000 18.576 -10.131 0 0 0 0 0 0 0 0.8414624 50825
6.436 100000 100000 100000 100000 100000 100000 100000 100000 19.308 0 0 0 0 0 0 0 0 0.88160896 50932
6.443 100000 100000 100000 100000 100000 100000 100000 100000 19.649 0 0 0 0 0 0 0 0 0.91560125 51038
6.454 100000 100000 100000 100000 100000 100000 100000 100000 17.911 0 0 0 0 0 0 0 0 0.8445749 51144
6.488 2.534 100000 100000 100000 100000 100000 100000 100000 13.73 -10.861 0 0 0 0 0 0 0 0.8185432 51251
6.52 2.294 100000 100000 100000 100000 100000 100000 100000 12.793 -14.036 0 0 0 0 0 0 0 0.7895253 51357
6.464 2.79 100000 100000 100000 100000 100000 100000 100000 13.268 -7.119 0 0 0 0 0 0 0 0.74245 51464
6.533 5.748 3.498 100000 100000 100000 100000 100000 100000 13.489 9.874 -5.278 0 0 0 0 0 0 0.83435154 51570
5.738 3.508 100000 100000 100000 100000 100000 100000 100000 8.232 -5.464 0 0 0 0 0 0 0 0.8506391 51676
6.447 3.877 100000 100000 100000 100000 100000 100000 100000 14.031 -2.951 0 0 0 0 0 0 0 0.7898476 51783
6.431 3.856 100000 100000 100000 100000 100000 100000 100000 18.112 -6.545 0 0 0 0 0 0 0 0.7820947 51889
6.415 5.72 2.434 100000 100000 100000 100000 100000 100000 9.184 6.26 -14.907 0 0 0 0 0 0 0.8198106 51996
6.444 5.285 100000 100000 100000 100000 100000 100000 100000 11.466 -2.709 0 0 0 0 0 0 0 0.72340083 52102
6.484 2.867 100000 100000 100000 100000 100000 100000 100000 15.925 -8.948 0 0 0 0 0 0 0 0.7556603 52208
6.473 100000 100000 100000 100000 100000 100000 100000 100000 12.323 0 0 0 0 0 0 0 0 0.7586005 52315
6.479 100000 100000 100000 100000 100000 100000 100000 100000 12.984 0 0 0 0 0 0 0 0 0.7041664 52421
6.488 100000 100000 100000 100000 100000 100000 100000 100000 12.591 0 0 0 0 0 0 0 0 0.73636436 52528
6.477 100000 100000 100000 100000 100000 100000 100000 100000 9.57 0 0 0 0 0 0 0 0 0.68225193 52634
6.553 100000 100000 100000 100000 100000 100000 100000 100000 13.177 0 0 0 0 0 0 0 0 0.6289263 52740
5.855 100000 100000 100000 100000 100000 100000 100000 100000 2.243 0 0 0 0 0 0 0 0 0.64131904 52847
6.353 5.813 2.927 100000 100000 100000 100000 100000 100000 6.394 3.752 -6.584 0 0 0 0 0 0 0.74245 52953
6.403 2.954 100000 100000 100000 100000 100000 100000 100000 13.425 -6.08 0 0 0 0 0 0 0 0.61077523 53059
6.386 2.822 100000 100000 100000 100000 100000 100000 100000 12.191 -9.436 0 0 0 0 0 0 0 0.64600825 53166
6.405 100000 100000 100000 100000 100000 100000 100000 100000 13.11 0 0 0 0 0 0 0 0 0.62373686 53272
6.423 100000 100000 100000 100000 100000 100000 100000 100000 13.732 0 0 0 0 0 0 0 0 0.62235236 53379
6.414 100000 100000 100000 100000 100000 100000 100000 100000 13.088 0 0 0 0 0 0 0 0 0.57437277 53485
6.407 2.757 100000 100000 100000 100000 100000 100000 100000 11.509 -10.722 0 0 0 0 0 0 0 0.5940995 53591
6.41 100000 100000 100000 100000 100000 100000 100000 100000 9.895 0 0 0 0 0 0 0 0 0.5320957 53698
6.537 100000 100000 100000 100000 100000 100000 100000 100000 11.347 0 0 0 0 0 0 0 0 0.5887606 53804
6.349 100000 100000 100000 100000 100000 100000 100000 100000 4.248 0 0 0 0 0 0 0 0 0.5064895 53911
6.388 2.909 100000 100000 100000 100000 100000 100000 100000 10.091 -9.951 0 0 0 0 0 0 0 0.6050875 54017
6.406 2.967 100000 100000 100000 100000 100000 100000 100000 10.803 -6.022 0 0 0 0 0 0 0 0.5083144 54123
6.469 3.072 100000 100000 100000 100000 100000 100000 100000 14.869 -8.066 0 0 0 0 0 0 0 0.49485898 54230
6.536 3.025 100000 100000 100000 100000 100000 100000 100000 9.437 -9.377 0 0 0 0 0 0 0 0.5490446 54336
6.458 3.005 100000 100000 100000 100000 100000 100000 100000 6.248 -8.331 0 0 0 0 0 0 0 0.3943112 54443
6.611 100000 100000 100000 100000 100000 100000 100000 100000 8.294 0 0 0 0 0 0 0 0 0.3943112 54549
6.646 100000 100000 100000 100000 100000 100000 100000 100000 9.262 0 0 0 0 0 0 0 0 0.43174267 54655
6.585 100000 100000 100000 100000 100000 100000 100000 100000 11.727 0 0 0 0 0 0 0 0 0.45813203 54762
6.516 100000 100000 100000 100000 100000 100000 100000 100000 9.685 0 0 0 0 0 0 0 0 0.41623712 54868
5.798 2.665 100000 100000 100000 100000 100000 100000 100000 3.94 -9.8 0 0 0 0 0 0 0 0.41991115 54974
6.437 100000 100000 100000 100000 100000 100000 100000 100000 3.094 0 0 0 0 0 0 0 0 0.33327675 55081
5.801 100000 100000 100000 100000 100000 100000 100000 100000 3.423 0 0 0 0 0 0 0 0 0.36027288 55187
6.533 3.148 100000 100000 100000 100000 100000 100000 100000 9.297 -6.223 0 0 0 0 0 0 0 0.27571702 55294
6.497 3.048 100000 100000 100000 100000 100000 100000 100000 10.592 -5.62 0 0 0 0 0 0 0 0.37770152 55400
6.515 3.082 100000 100000 100000 100000 100000 100000 100000 11.022 -5.318 0 0 0 0 0 0 0 0.31058764 55506
6.484 3.038 100000 100000 100000 100000 100000 100000 100000 11.264 -6.286 0 0 0 0 0 0 0 0.40134907 55613
6.469 100000 100000 100000 100000 100000 100000 100000 100000 11.422 0 0 0 0 0 0 0 0 0.367671 55719
6.445 100000 100000 100000 100000 100000 100000 100000 100000 9.325 0 0 0 0 0 0 0 0 0.36227655 55826
6.453 100000 100000 100000 100000 100000 100000 100000 100000 9.726 0 0 0 0 0 0 0 0 0.339926 55932
6.498 100000 100000 100000 100000 100000 100000 100000 100000 12.819 0 0 0 0 0 0 0 0 0.29679513 56038
6.421 100000 100000 100000 100000 100000 100000 100000 100000 11.362 0 0 0 0 0 0 0 0 0.3414967 56145
6.506 100000 100000 100000 100000 100000 100000 100000 100000 14.657 0 0 0 0 0 0 0 0 0.4123621 56251
6.444 100000 100000 100000 100000 100000 100000 100000 100000 7.863 0 0 0 0 0 0 0 0 0.49513745 56358
6.429 2.623 100000 100000 100000 100000 100000 100000 100000 8.999 -11.794 0 0 0 0 0 0 0 0.566 56464
6.717 2.706 100000 100000 100000 100000 100000 100000 100000 10.046 -12.096 0 0 0 0 0 0 0 0.5323639 56570
6.528 100000 100000 100000 100000 100000 100000 100000 100000 15.163 0 0 0 0 0 0 0 0 0.6007855 56677
5.747 100000 100000 100000 100000 100000 100000 100000 100000 3.619 0 0 0 0 0 0 0 0 0.571614 56783
6.44 5.74 2.918 100000 100000 100000 100000 100000 100000 12.472 8.59 -9.961 0 0 0 0 0 0 0.57218313 56890
6.457 5.723 2.766 100000 100000 100000 100000 100000 100000 10.229 5.832 -10.535 0 0 0 0 0 0 0.5989511 56996
6.425 5.716 100000 100000 100000 100000 100000 100000 100000 9.533 5.352 0 0 0 0 0 0 0 0.6303649 57102
6.44 100000 100000 100000 100000 100000 100000 100000 100000 16.229 0 0 0 0 0 0 0 0 0.6355617 57209
6.426 6.821 100000 100000 100000 100000 100000 100000 100000 13.409 5.953 0 0 0 0 0 0 0 0.6530199 57315
6.772 5.748 2.881 100000 100000 100000 100000 100000 100000 10.108 5.256 -6.546 0 0 0 0 0 0 0.6780565 57421
6.429 100000 100000 100000 100000 100000 100000 100000 100000 15.743 0 0 0 0 0 0 0 0 0.83527994 57528
6.433 4.523 2.816 100000 100000 100000 100000 100000 100000 7.798 -0.419 -9.651 0 0 0 0 0 0 0.66424036 57634
6.469 4.487 100000 100000 100000 100000 100000 100000 100000 19.561 -2.412 0 0 0 0 0 0 0 0.8095331 57741
6.429 4.561 2.883 100000 100000 100000 100000 100000 100000 17.977 -0.683 -9.274 0 0 0 0 0 0 0.90636253 57847
6.41 5.724 4.535 2.878 100000 100000 100000 100000 100000 12.765 9.314 1.128 -9.583 0 0 0 0 0 0.86566305 57953
6.411 4.538 1.788 100000 100000 100000 100000 100000 100000 13.098 -0.491 -18.534 0 0 0 0 0 0 0.91061234 58060
6.407 100000 100000 100000 100000 100000 100000 100000 100000 11.957 0 0 0 0 0 0 0 0 1.0752766 58166
6.43 5.748 100000 100000 100000 100000 100000 100000 100000 6.747 3.842 0 0 0 0 0 0 0 1.0180075 58273
5.772 100000 100000 100000 100000 100000 100000 100000 100000 4.096 0 0 0 0 0 0 0 0 1.0290625 58379
6.637 5.712 100000 100000 100000 100000 100000 100000 100000 4.515 2.829 0 0 0 0 0 0 0 1.2099687 58485
6.624 5.733 2.75 100000 100000 100000 100000 100000 100000 1.719 0.091 -7.963 0 0 0 0 0 0 1.3250202 58592
6.706 100000 100000 100000 100000 100000 100000 100000 100000 -3.644 0 0 0 0 0 0 0 0 1.3784202 58698
100000 100000 100000 100000 100000 100000 100000 100000 100000 0 0 0 0 0 0 0 0 0 1.371993 58805
100000 100000 100000 100000 100000 100000 100000 100000 100000 0 0 0 0 0 0 0 0 0 1.3784202 58911
100000 100000 100000 100000 100000 100000 100000 100000 100000 0 0 0 0 0 0 0 0 0 1.5635823 59017
6.448 100000 100000 100000 100000 100000 100000 100000 100000 5.494 0 0 0 0 0 0 0 0 1.5645442 59124
5.467 3.726 100000 100000 100000 100000 100000 100000 100000 -2.909 -5.071 0 0 0 0 0 0 0 1.658705 59230
5.157 100000 100000 100000 100000 100000 100000 100000 100000 -2.925 0 0 0 0 0 0 0 0 1.6772366 59336
5.166 100000 100000 100000 100000 100000 100000 100000 100000 -0.063 0 0 0 0 0 0 0 0 1.7584766 59443
5.102 3.701 100000 100000 100000 100000 100000 100000 100000 1.75 -6.125 0 0 0 0 0 0 0 2.0562344 59549
5.073 3.679 100000 100000 100000 100000 100000 100000 100000 3.775 -3.563 0 0 0 0 0 0 0 1.9833453 59656
5.097 3.723 100000 100000 100000 100000 100000 100000 100000 5.225 -4.641 0 0 0 0 0 0 0 1.8868191 59762
5.144 3.661 100000 100000 100000 100000 100000 100000 100000 8.642 -6.377 0 0 0 0 0 0 0 2.0773911 59868
5.057 100000 100000 100000 100000 100000 100000 100000 100000 10.145 0 0 0 0 0 0 0 0 2.224243 59975
5.096 3.695 100000 100000 100000 100000 100000 100000 100000 12.008 -5.667 0 0 0 0 0 0 0 2.1431289 60081
5.065 3.737 100000 100000 100000 100000 100000 100000 100000 10.226 -2.654 0 0 0 0 0 0 0 2.2023687 60188
5.051 100000 100000 100000 100000 100000 100000 100000 100000 9.17 0 0 0 0 0 0 0 0 2.2639608 60294
5.068 100000 100000 100000 100000 100000 100000 100000 100000 11.361 0 0 0 0 0 0 0 0 2.329102 60400
5.033 3.647 100000 100000 100000 100000 100000 100000 100000 10.834 -7.264 0 0 0 0 0 0 0 2.288272 60507
4.998 3.671 100000 100000 100000 100000 100000 100000 100000 8.763 -1.912 0 0 0 0 0 0 0 2.2611413 60613
5.016 100000 100000 100000 100000 100000 100000 100000 100000 9.676 0 0 0 0 0 0 0 0 2.2590623 60720
5.059 100000 100000 100000 100000 100000 100000 100000 100000 12.537 0 0 0 0 0 0 0 0 2.2404013 60826
5.065 3.67 100000 100000 100000 100000 100000 100000 100000 14.799 -3.222 0 0 0 0 0 0 0 2.1517255 60932
5.041 100000 100000 100000 100000 100000 100000 100000 100000 13.946 0 0 0 0 0 0 0 0 2.2412004 61039
5.044 3.643 100000 100000 100000 100000 100000 100000 100000 14.013 -5.209 0 0 0 0 0 0 0 2.1479712 61145
5.043 3.631 100000 100000 100000 100000 100000 100000 100000 14.893 -5.35 0 0 0 0 0 0 0 2.238052 61251
5.031 3.678 100000 100000 100000 100000 100000 100000 100000 14.31 -0.045 0 0 0 0 0 0 0 2.3472967 61358
5.022 100000 100000 100000 100000 100000 100000 100000 100000 11.912 0 0 0 0 0 0 0 0 2.2742834 61464
5.017 4.034 100000 100000 100000 100000 100000 100000 100000 12.328 1.045 0 0 0 0 0 0 0 2.3211484 61571
5.019 3.644 100000 100000 100000 100000 100000 100000 100000 12.938 -4.966 0 0 0 0 0 0 0 2.314546 61677
5.005 100000 100000 100000 100000 100000 100000 100000 100000 12.642 0 0 0 0 0 0 0 0 2.2746143 61783
5.005 100000 100000 100000 100000 100000 100000 100000 100000 10.509 0 0 0 0 0 0 0 0 2.3725915 61890
5.019 3.863 100000 100000 100000 100000 100000 100000 100000 13.774 -3.829 0 0 0 0 0 0 0 2.1907825 61996
5.035 100000 100000 100000 100000 100000 100000 100000 100000 17.495 0 0 0 0 0 0 0 0 2.3362775 62103
5.019 3.732 100000 100000 100000 100000 100000 100000 100000 15.558 -2.969 0 0 0 0 0 0 0 2.3154626 62209
5.015 100000 100000 100000 100000 100000 100000 100000 100000 14.205 0 0 0 0 0 0 0 0 2.277288 62315
5.018 3.688 100000 100000 100000 100000 100000 100000 100000 12.616 -6.571 0 0 0 0 0 0 0 2.282342 62422
5.012 3.671 100000 100000 100000 100000 100000 100000 100000 15.085 -4.661 0 0 0 0 0 0 0 2.3485088 62528
5.019 3.583 100000 100000 100000 100000 100000 100000 100000 14.734 -7.137 0 0 0 0 0 0 0 2.3645391 62635
5.03 100000 100000 100000 100000 100000 100000 100000 100000 15.968 0 0 0 0 0 0 0 0 2.365459 62741
5.043 100000 100000 100000 100000 100000 100000 100000 100000 15.808 0 0 0 0 0 0 0 0 2.3690863 62847
5.027 100000 100000 100000 100000 100000 100000 100000 100000 15.44 0 0 0 0 0 0 0 0 2.2746143 62954
5.013 3.63 100000 100000 100000 100000 100000 100000 100000 12.909 -6.217 0 0 0 0 0 0 0 2.3549604 63060
4.992 100000 100000 100000 100000 100000 100000 100000 100000 13.391 0 0 0 0 0 0 0 0 2.3185623 63166
5.005 100000 100000 100000 100000 100000 100000 100000 100000 14.997 0 0 0 0 0 0 0 0 2.310886 63273
5.019 3.628 100000 100000 100000 100000 100000 100000 100000 17.626 -3.686 0 0 0 0 0 0 0 2.1866398 63379
4.99 100000 100000 100000 100000 100000 100000 100000 100000 14.821 0 0 0 0 0 0 0 0 2.2798617 63486
4.983 3.663 100000 100000 100000 100000 100000 100000 100000 12.836 -4.249 0 0 0 0 0 0 0 2.2742834 63592
4.991 100000 100000 100000 100000 100000 100000 100000 100000 12.47 0 0 0 0 0 0 0 0 2.2051826 63698
5.005 100000 100000 100000 100000 100000 100000 100000 100000 13.042 0 0 0 0 0 0 0 0 2.4199786 63805
4.988 100000 100000 100000 100000 100000 100000 100000 100000 12.179 0 0 0 0 0 0 0 0 2.3306394 63911
4.97 3.322 100000 100000 100000 100000 100000 100000 100000 10.347 -8.853 0 0 0 0 0 0 0 2.3154626 64018
4.969 4.009 100000 100000 100000 100000 100000 100000 100000 8.919 -0.759 0 0 0 0 0 0 0 2.1634524 64124
4.95 3.681 100000 100000 100000 100000 100000 100000 100000 10.619 -1.394 0 0 0 0 0 0 0 2.1219215 64230
5.007 100000 100000 100000 100000 100000 100000 100000 100000 11.726 0 0 0 0 0 0 0 0 2.1823444 64337
5.002 3.689 100000 100000 100000 100000 100000 100000 100000 12.298 -3.767 0 0 0 0 0 0 0 2.0092776 64443
5.01 100000 100000 100000 100000 100000 100000 100000 100000 10.178 0 0 0 0 0 0 0 0 2.0540009 64550
5.038 3.669 100000 100000 100000 100000 100000 100000 100000 11.453 -3.275 0 0 0 0 0 0 0 1.9925258 64656
5.045 100000 100000 100000 100000 100000 100000 100000 100000 10.105 0 0 0 0 0 0 0 0 2.1025608 64762
5.035 3.649 100000 100000 100000 100000 100000 100000 100000 7.905 -3.879 0 0 0 0 0 0 0 2.1117544 64869
5.005 3.651 100000 100000 100000 100000 100000 100000 100000 8.031 -0.439 0 0 0 0 0 0 0 2.0245423 64975
5.015 3.617 100000 100000 100000 100000 100000 100000 100000 7.886 -5.379 0 0 0 0 0 0 0 1.8705764 65082
5.03 100000 100000 100000 100000 100000 100000 100000 100000 6.164 0 0 0 0 0 0 0 0 1.9412198 65188
5.045 3.614 100000 100000 100000 100000 100000 100000 100000 7.82 -5.011 0 0 0 0 0 0 0 1.8879638 65294
5.05 3.596 100000 100000 100000 100000 100000 100000 100000 7.089 -7.837 0 0 0 0 0 0 0 1.9621648 65401
5.031 100000 100000 100000 100000 100000 100000 100000 100000 5.273 0 0 0 0 0 0 0 0 1.8790258 65507
5.066 100000 100000 100000 100000 100000 100000 100000 100000 5.183 0 0 0 0 0 0 0 0 1.7367303 65613
5.047 3.822 100000 100000 100000 100000 100000 100000 100000 2.501 -4.886 0 0 0 0 0 0 0 1.8016623 65720
5.013 3.672 100000 100000 100000 100000 100000 100000 100000 5.238 -4.388 0 0 0 0 0 0 0 1.9020083 65826
5.019 100000 100000 100000 100000 100000 100000 100000 100000 4.506 0 0 0 0 0 0 0 0 1.6958525 65933
5.028 100000 100000 100000 100000 100000 100000 100000 100000 3.722 0 0 0 0 0 0 0 0 1.9362516 66039
5.021 100000 100000 100000 100000 100000 100000 100000 100000 2.318 0 0 0 0 0 0 0 0 1.8263433 66145
5.044 3.683 100000 100000 100000 100000 100000 100000 100000 2.585 -4.514 0 0 0 0 0 0 0 1.6989045 66252
5.05 3.593 100000 100000 100000 100000 100000 100000 100000 -2.084 -4.361 0 0 0 0 0 0 0 1.7470225 66358
5.045 100000 100000 100000 100000 100000 100000 100000 100000 -2.727 0 0 0 0 0 0 0 0 1.8037758 66465
5.016 3.796 100000 100000 100000 100000 100000 100000 100000 -4.389 -6.781 0 0 0 0 0 0 0 1.880892 66571
5.051 100000 100000 100000 100000 100000 100000 100000 100000 -2.614 0 0 0 0 0 0 0 0 1.8263433 66677
5.068 100000 100000 100000 100000 100000 100000 100000 100000 -2.043 0 0 0 0 0 0 0 0 1.880892 66784
4.996 100000 100000 100000 100000 100000 100000 100000 100000 -1.416 0 0 0 0 0 0 0 0 1.950964 66890
5.104 3.626 100000 100000 100000 100000 100000 100000 100000 -0.727 -3.004 0 0 0 0 0 0 0 1.8166587 66997
5.106 100000 100000 100000 100000 100000 100000 100000 100000 1.61 0 0 0 0 0 0 0 0 1.7961553 67103
5.066 100000 100000 100000 100000 100000 100000 100000 100000 -0.488 0 0 0 0 0 0 0 0 1.7883627 67209
5.047 100000 100000 100000 100000 100000 100000 100000 100000 0.962 0 0 0 0 0 0 0 0 1.7057972 67316
5.057 100000 100000 100000 100000 100000 100000 100000 100000 0.119 0 0 0 0 0 0 0 0 1.7706679 67422
5.089 100000 100000 100000 100000 100000 100000 100000 100000 0.329 0 0 0 0 0 0 0 0 1.7908176 67528
5.07 100000 100000 100000 100000 100000 100000 100000 100000 2.127 0 0 0 0 0 0 0 0 1.8271983 67635
5.091 100000 100000 100000 100000 100000 100000 100000 100000 2.04 0 0 0 0 0 0 0 0 1.7070183 67741
5.045 3.616 100000 100000 100000 100000 100000 100000 100000 1.104 -5.38 0 0 0 0 0 0 0 1.7352262 67848
5.091 100000 100000 100000 100000 100000 100000 100000 100000 -2.408 0 0 0 0 0 0 0 0 1.7810833 67954
5.06 100000 100000 100000 100000 100000 100000 100000 100000 -0.319 0 0 0 0 0 0 0 0 1.8988987 68060
5.037 3.557 100000 100000 100000 100000 100000 100000 100000 -2.009 -7.875 0 0 0 0 0 0 0 1.7168219 68167
5.035 3.512 100000 100000 100000 100000 100000 100000 100000 0.668 -6.519 0 0 0 0 0 0 0 1.7057972 68273
5.056 3.569 100000 100000 100000 100000 100000 100000 100000 -0.117 -7.204 0 0 0 0 0 0 0 1.8037758 68380
5.026 3.605 100000 100000 100000 100000 100000 100000 100000 1.481 -5.528 0 0 0 0 0 0 0 1.7427576 68486
5.043 3.633 100000 100000 100000 100000 100000 100000 100000 2.929 -4.514 0 0 0 0 0 0 0 1.8519095 68592
5.068 100000 100000 100000 100000 100000 100000 100000 100000 1.411 0 0 0 0 0 0 0 0 1.7311864 68699
5.074 100000 100000 100000 100000 100000 100000 100000 100000 0.657 0 0 0 0 0 0 0 0 1.8166587 68805
5.086 100000 100000 100000 100000 100000 100000 100000 100000 0.343 0 0 0 0 0 0 0 0 1.836632 68912
5.08 100000 100000 100000 100000 100000 100000 100000 100000 0.558 0 0 0 0 0 0 0 0 1.5899775 69018
5.08 100000 100000 100000 100000 100000 100000 100000 100000 0.725 0 0 0 0 0 0 0 0 1.7380333 69124
5.076 100000 100000 100000 100000 100000 100000 100000 100000 -2.54 0 0 0 0 0 0 0 0 1.7367303 69231
5.08 3.543 100000 100000 100000 100000 100000 100000 100000 1.483 -6.939 0 0 0 0 0 0 0 1.5924358 69337
5.036 3.734 100000 100000 100000 100000 100000 100000 100000 -1.932 -7.191 0 0 0 0 0 0 0 1.6959219 69443
5.07 3.72 100000 100000 100000 100000 100000 100000 100000 0.303 -2.339 0 0 0 0 0 0 0 1.6317377 69550
5.055 3.681 100000 100000 100000 100000 100000 100000 100000 0.37 -7.354 0 0 0 0 0 0 0 1.762676 69656
5.105 100000 100000 100000 100000 100000 100000 100000 100000 -0.678 0 0 0 0 0 0 0 0 1.712396 69763
5.177 3.667 100000 100000 100000 100000 100000 100000 100000 -1.003 -5.094 0 0 0 0 0 0 0 1.7311864 69869
3.685 4.918 100000 100000 100000 100000 100000 100000 100000 -4.492 -5.169 0 0 0 0 0 0 0 1.6653526 69975
5.084 100000 100000 100000 100000 100000 100000 100000 100000 -2.568 0 0 0 0 0 0 0 0 1.725483 70082
5.096 100000 100000 100000 100000 100000 100000 100000 100000 -7.427 0 0 0 0 0 0 0 0 1.721899 70188
100000 100000 100000 100000 100000 100000 100000 100000 100000 0 0 0 0 0 0 0 0 0 1.7250473 70295
5.067 100000 100000 100000 100000 100000 100000 100000 100000 -3.237 0 0 0 0 0 0 0 0 1.6891237 70401
5.05 100000 100000 100000 100000 100000 100000 100000 100000 -0.325 0 0 0 0 0 0 0 0 1.6443518 70507
6.542 5.012 100000 100000 100000 100000 100000 100000 100000 1.954 -5.532 0 0 0 0 0 0 0 1.6063961 70614
6.456 5.002 100000 100000 100000 100000 100000 100000 100000 3.308 -3.407 0 0 0 0 0 0 0 1.6470658 70720
6.496 5.022 100000 100000 100000 100000 100000 100000 100000 3.346 -5.115 0 0 0 0 0 0 0 1.658705 70827
6.488 100000 100000 100000 100000 100000 100000 100000 100000 2.067 0 0 0 0 0 0 0 0 1.6055177 70933
6.519 5.013 100000 100000 100000 100000 100000 100000 100000 0.104 -7.556 0 0 0 0 0 0 0 1.634017 71039
6.517 100000 100000 100000 100000 100000 100000 100000 100000 0.852 0 0 0 0 0 0 0 0 1.721899 71146
6.48 2.658 100000 100000 100000 100000 100000 100000 100000 2.601 -13.064 0 0 0 0 0 0 0 1.6443518 71252
6.501 100000 100000 100000 100000 100000 100000 100000 100000 0.582 0 0 0 0 0 0 0 0 1.7338215 71358
6.529 100000 100000 100000 100000 100000 100000 100000 100000 1.492 0 0 0 0 0 0 0 0 1.762676 71465
6.504 5.038 100000 100000 100000 100000 100000 100000 100000 -0.699 -5.817 0 0 0 0 0 0 0 1.5787218 71571
5.11 100000 100000 100000 100000 100000 100000 100000 100000 -2.324 0 0 0 0 0 0 0 0 1.6063961 71678
5.066 100000 100000 100000 100000 100000 100000 100000 100000 -1.564 0 0 0 0 0 0 0 0 1.4740798 71784
5.042 2.76 100000 100000 100000 100000 100000 100000 100000 -0.658 -11.532 0 0 0 0 0 0 0 1.6303072 71890
5.11 100000 100000 100000 100000 100000 100000 100000 100000 -4.471 0 0 0 0 0 0 0 0 1.6622866 71997
5.077 100000 100000 100000 100000 100000 100000 100000 100000 -7.986 0 0 0 0 0 0 0 0 1.591895 72103
100000 100000 100000 100000 100000 100000 100000 100000 100000 0 0 0 0 0 0 0 0 0 1.5933012 72210
100000 100000 100000 100000 100000 100000 100000 100000 100000 0 0 0 0 0 0 0 0 0 1.6410196 72316
100000 100000 100000 100000 100000 100000 100000 100000 100000 0 0 0 0 0 0 0 0 0 1.6063961 72422
5.07 100000 100000 100000 100000 100000 100000 100000 100000 -7.293 0 0 0 0 0 0 0 0 1.562398 72529
4.944 100000 100000 100000 100000 100000 100000 100000 100000 -7.344 0 0 0 0 0 0 0 0 1.7470225 72635
5.09 100000 100000 100000 100000 100000 100000 100000 100000 -4.828 0 0 0 0 0 0 0 0 1.5784005 72742
5.101 3.612 100000 100000 100000 100000 100000 100000 100000 -0.622 -4.896 0 0 0 0 0 0 0 1.6489888 72848
5.108 100000 100000 100000 100000 100000 100000 100000 100000 -7.062 0 0 0 0 0 0 0 0 1.7908176 72954
6.415 5.046 100000 100000 100000 100000 100000 100000 100000 -2.722 -6.734 0 0 0 0 0 0 0 1.7182125 73061
5.106 2.938 100000 100000 100000 100000 100000 100000 100000 -3.272 -10.619 0 0 0 0 0 0 0 1.6749222 73167
5.101 100000 100000 100000 100000 100000 100000 100000 100000 4.02 0 0 0 0 0 0 0 0 1.657757 73274
5.113 100000 100000 100000 100000 100000 100000 100000 100000 6.772 0 0 0 0 0 0 0 0 1.5777434 73380
5.072 100000 100000 100000 100000 100000 100000 100000 100000 5.329 0 0 0 0 0 0 0 0 1.5042578 73486
5.071 100000 100000 100000 100000 100000 100000 100000 100000 -0.879 0 0 0 0 0 0 0 0 1.5942385 73593
5.047 100000 100000 100000 100000 100000 100000 100000 100000 1.552 0 0 0 0 0 0 0 0 1.5797281 73699
5.073 100000 100000 100000 100000 100000 100000 100000 100000 1.616 0 0 0 0 0 0 0 0 1.5784005 73805
5.028 3.78 100000 100000 100000 100000 100000 100000 100000 0.438 -6.377 0 0 0 0 0 0 0 1.5337927 73912
5.079 100000 100000 100000 100000 100000 100000 100000 100000 -0.207 0 0 0 0 0 0 0 0 1.6882416 74018
5.101 3.594 100000 100000 100000 100000 100000 100000 100000 3.232 -5.487 0 0 0 0 0 0 0 1.5145847 74125
5.129 100000 100000 100000 100000 100000 100000 100000 100000 4.423 0 0 0 0 0 0 0 0 1.5247052 74231
5.1 3.734 100000 100000 100000 100000 100000 100000 100000 3.895 -5.524 0 0 0 0 0 0 0 1.6843686 74337
5.067 6.554 3.596 100000 100000 100000 100000 100000 100000 5.351 -1.815 -6.505 0 0 0 0 0 0 1.6430191 74444
5.069 6.539 3.543 100000 100000 100000 100000 100000 100000 4.8 -3.644 -4.503 0 0 0 0 0 0 1.7486521 74550
5.079 100000 100000 100000 100000 100000 100000 100000 100000 4.916 0 0 0 0 0 0 0 0 1.6643081 74657
5.082 100000 100000 100000 100000 100000 100000 100000 100000 4.58 0 0 0 0 0 0 0 0 1.5797281 74763
5.104 3.746 100000 100000 100000 100000 100000 100000 100000 4.693 -4.422 0 0 0 0 0 0 0 1.6602645 74869
5.062 3.814 100000 100000 100000 100000 100000 100000 100000 2.991 -5.709 0 0 0 0 0 0 0 1.6410196 74976
5.067 100000 100000 100000 100000 100000 100000 100000 100000 3.102 0 0 0 0 0 0 0 0 1.6882416 75082
5.07 100000 100000 100000 100000 100000 100000 100000 100000 2.129 0 0 0 0 0 0 0 0 1.7616159 75189
5.093 100000 100000 100000 100000 100000 100000 100000 100000 3.663 0 0 0 0 0 0 0 0 1.6643081 75295
5.102 6.511 100000 100000 100000 100000 100000 100000 100000 5.467 -0.968 0 0 0 0 0 0 0 1.7223611 75401
5.079 6.444 100000 100000 100000 100000 100000 100000 100000 6.703 -0.707 0 0 0 0 0 0 0 1.6828674 75508
5.068 100000 100000 100000 100000 100000 100000 100000 100000 4.412 0 0 0 0 0 0 0 0 1.5311896 75614
5.084 100000 100000 100000 100000 100000 100000 100000 100000 4.776 0 0 0 0 0 0 0 0 1.562398 75720
5.039 100000 100000 100000 100000 100000 100000 100000 100000 4.005 0 0 0 0 0 0 0 0 1.5959872 75827
5.059 3.243 100000 100000 100000 100000 100000 100000 100000 3.538 -10.043 0 0 0 0 0 0 0 1.7357205 75933
5.089 100000 100000 100000 100000 100000 100000 100000 100000 5.053 0 0 0 0 0 0 0 0 1.6382194 76040
5.069 6.394 100000 100000 100000 100000 100000 100000 100000 4.816 -4.01 0 0 0 0 0 0 0 1.6542484 76146
5.066 6.481 100000 100000 100000 100000 100000 100000 100000 3.575 -1.288 0 0 0 0 0 0 0 1.6749222 76252
5.053 100000 100000 100000 100000 100000 100000 100000 100000 5.999 0 0 0 0 0 0 0 0 1.6430191 76359
5.029 6.541 100000 100000 100000 100000 100000 100000 100000 2.904 -1.468 0 0 0 0 0 0 0 1.594908 76465
5.044 100000 100000 100000 100000 100000 100000 100000 100000 4.912 0 0 0 0 0 0 0 0 1.6772366 76572
5.069 100000 100000 100000 100000 100000 100000 100000 100000 5.416 0 0 0 0 0 0 0 0 1.6749222 76678
5.029 100000 100000 100000 100000 100000 100000 100000 100000 5.573 0 0 0 0 0 0 0 0 1.7808021 76784
5.033 3.641 100000 100000 100000 100000 100000 100000 100000 3.119 -8.062 0 0 0 0 0 0 0 1.8150227 76891
5.032 3.589 100000 100000 100000 100000 100000 100000 100000 8.445 -5.735 0 0 0 0 0 0 0 1.7967129 76997
5.008 3.739 100000 100000 100000 100000 100000 100000 100000 9.258 -3.697 0 0 0 0 0 0 0 1.7536228 77104
