5.498 4.168 100000 100000 100000 100000 100000 100000 100000 8.439 -1.482 0 0 0 0 0 0 0 2.7327423 28176
5.473 4.148 100000 100000 100000 100000 100000 100000 100000 7.117 -0.651 0 0 0 0 0 0 0 2.747935 28282
5.48 4.149 100000 100000 100000 100000 100000 100000 100000 6.593 -1.365 0 0 0 0 0 0 0 2.6583142 28388
5.48 4.076 100000 100000 100000 100000 100000 100000 100000 6.08 -0.739 0 0 0 0 0 0 0 2.7932663 28493
5.468 4.113 100000 100000 100000 100000 100000 100000 100000 7.728 -0.248 0 0 0 0 0 0 0 2.6769922 28599
5.502 4.181 100000 100000 100000 100000 100000 100000 100000 6.112 -1.474 0 0 0 0 0 0 0 2.779524 28705
5.436 4.063 100000 100000 100000 100000 100000 100000 100000 5.907 -3.719 0 0 0 0 0 0 0 2.6516073 28810
6.301 5.467 4.095 100000 100000 100000 100000 100000 100000 8.885 6.536 -0.659 0 0 0 0 0 0 2.7491093 28916
5.468 4.167 100000 100000 100000 100000 100000 100000 100000 3.958 0.612 0 0 0 0 0 0 0 2.6629114 29021
6.268 5.472 4.17 100000 100000 100000 100000 100000 100000 5.289 4.122 0.109 0 0 0 0 0 0 2.5409265 29127
5.477 4.205 100000 100000 100000 100000 100000 100000 100000 6.111 -3.442 0 0 0 0 0 0 0 2.6770568 29233
5.476 4.188 100000 100000 100000 100000 100000 100000 100000 8.311 -1.232 0 0 0 0 0 0 0 2.622223 29338
5.488 100000 100000 100000 100000 100000 100000 100000 100000 7.901 0 0 0 0 0 0 0 0 2.6591763 29444
5.466 4.476 100000 100000 100000 100000 100000 100000 100000 9.486 1.334 0 0 0 0 0 0 0 2.6208408 29550
5.483 4.537 100000 100000 100000 100000 100000 100000 100000 11.518 3.846 0 0 0 0 0 0 0 2.5367532 29655
5.467 100000 100000 100000 100000 100000 100000 100000 100000 10.785 0 0 0 0 0 0 0 0 2.6730907 29761
5.469 4.496 100000 100000 100000 100000 100000 100000 100000 7.539 3.3 0 0 0 0 0 0 0 2.5233793 29866
6.381 4.044 100000 100000 100000 100000 100000 100000 100000 8.219 -2.769 0 0 0 0 0 0 0 2.5074317 29972
4.118 100000 100000 100000 100000 100000 100000 100000 100000 -2.391 0 0 0 0 0 0 0 0 2.666696 30078
100000 100000 100000 100000 100000 100000 100000 100000 100000 0 0 0 0 0 0 0 0 0 4.3342996 30183
100000 100000 100000 100000 100000 100000 100000 100000 100000 0 0 0 0 0 0 0 0 0 2.6335328 30289
100000 100000 100000 100000 100000 100000 100000 100000 100000 0 0 0 0 0 0 0 0 0 2.575148 30395
5.171 100000 100000 100000 100000 100000 100000 100000 100000 -4.607 0 0 0 0 0 0 0 0 2.6579413 30500
4.01 5.096 100000 100000 100000 100000 100000 100000 100000 -3.622 -7.489 0 0 0 0 0 0 0 2.6979518 30606
100000 100000 100000 100000 100000 100000 100000 100000 100000 0 0 0 0 0 0 0 0 0 2.666696 30711
5.066 100000 100000 100000 100000 100000 100000 100000 100000 -3.482 0 0 0 0 0 0 0 0 2.6871638 30817
100000 100000 100000 100000 100000 100000 100000 100000 100000 0 0 0 0 0 0 0 0 0 2.803463 30923
4.096 100000 100000 100000 100000 100000 100000 100000 100000 -3.901 0 0 0 0 0 0 0 0 2.6836681 31028
4.06 100000 100000 100000 100000 100000 100000 100000 100000 0.128 0 0 0 0 0 0 0 0 2.8115864 31134
3.996 100000 100000 100000 100000 100000 100000 100000 100000 -0.122 0 0 0 0 0 0 0 0 2.7196434 31240
4.055 100000 100000 100000 100000 100000 100000 100000 100000 -1.137 0 0 0 0 0 0 0 0 2.666696 31345
4.072 100000 100000 100000 100000 100000 100000 100000 100000 -0.569 0 0 0 0 0 0 0 0 2.6758022 31451
4.11 100000 100000 100000 100000 100000 100000 100000 100000 -2.26 0 0 0 0 0 0 0 0 2.7064288 31557
6.262 4.27 100000 100000 100000 100000 100000 100000 100000 4.552 -0.695 0 0 0 0 0 0 0 2.6194828 31662
4.288 100000 100000 100000 100000 100000 100000 100000 100000 -1.92 0 0 0 0 0 0 0 0 2.6881716 31768
6.295 3.89 100000 100000 100000 100000 100000 100000 100000 -0.31 -5.31 0 0 0 0 0 0 0 2.6087048 31873
3.91 100000 100000 100000 100000 100000 100000 100000 100000 -3.268 0 0 0 0 0 0 0 0 2.6743274 31979
100000 100000 100000 100000 100000 100000 100000 100000 100000 0 0 0 0 0 0 0 0 0 2.5651925 32085
100000 100000 100000 100000 100000 100000 100000 100000 100000 0 0 0 0 0 0 0 0 0 2.6087048 32190
5.287 100000 100000 100000 100000 100000 100000 100000 100000 5.239 0 0 0 0 0 0 0 0 2.522241 32296
5.271 100000 100000 100000 100000 100000 100000 100000 100000 7.937 0 0 0 0 0 0 0 0 2.5233793 32402
5.289 4.065 100000 100000 100000 100000 100000 100000 100000 4.931 4.839 0 0 0 0 0 0 0 2.416697 32507
5.278 4.057 100000 100000 100000 100000 100000 100000 100000 4.297 3.446 0 0 0 0 0 0 0 2.4873657 32613
4.086 5.293 100000 100000 100000 100000 100000 100000 100000 3.756 3.113 0 0 0 0 0 0 0 2.4966404 32718
4.056 5.28 100000 100000 100000 100000 100000 100000 100000 4.153 2.967 0 0 0 0 0 0 0 2.5424273 32824
4.064 5.258 100000 100000 100000 100000 100000 100000 100000 3.019 0.969 0 0 0 0 0 0 0 2.4650345 32930
4.097 100000 100000 100000 100000 100000 100000 100000 100000 -1.501 0 0 0 0 0 0 0 0 2.2703087 33035
4.157 100000 100000 100000 100000 100000 100000 100000 100000 -5.602 0 0 0 0 0 0 0 0 2.3335657 33141
100000 100000 100000 100000 100000 100000 100000 100000 100000 0 0 0 0 0 0 0 0 0 2.2934346 33247
100000 100000 100000 100000 100000 100000 100000 100000 100000 0 0 0 0 0 0 0 0 0 2.2551703 33352
100000 100000 100000 100000 100000 100000 100000 100000 100000 0 0 0 0 0 0 0 0 0 2.196679 33458
100000 100000 100000 100000 100000 100000 100000 100000 100000 0 0 0 0 0 0 0 0 0 2.074151 33563
100000 100000 100000 100000 100000 100000 100000 100000 100000 0 0 0 0 0 0 0 0 0 2.2013967 33669
6.522 100000 100000 100000 100000 100000 100000 100000 100000 -3.306 0 0 0 0 0 0 0 0 2.1659217 33775
4.543 6.566 100000 100000 100000 100000 100000 100000 100000 0.245 -3.054 0 0 0 0 0 0 0 2.0260515 33880
100000 100000 100000 100000 100000 100000 100000 100000 100000 0 0 0 0 0 0 0 0 0 2.0468397 33986
6.09 100000 100000 100000 100000 100000 100000 100000 100000 0.588 0 0 0 0 0 0 0 0 2.0574298 34092
6.076 100000 100000 100000 100000 100000 100000 100000 100000 3.806 0 0 0 0 0 0 0 0 2.0174887 34197
6.105 5.001 100000 100000 100000 100000 100000 100000 100000 -1.218 -7.117 0 0 0 0 0 0 0 2.0489395 34303
6.064 100000 100000 100000 100000 100000 100000 100000 100000 0.455 0 0 0 0 0 0 0 0 1.8781784 34409
6.015 100000 100000 100000 100000 100000 100000 100000 100000 -6.164 0 0 0 0 0 0 0 0 2.0068336 34514
6.083 100000 100000 100000 100000 100000 100000 100000 100000 -5.404 0 0 0 0 0 0 0 0 1.9116851 34620
100000 100000 100000 100000 100000 100000 100000 100000 100000 0 0 0 0 0 0 0 0 0 2.015395 34725
100000 100000 100000 100000 100000 100000 100000 100000 100000 0 0 0 0 0 0 0 0 0 1.9415039 34831
100000 100000 100000 100000 100000 100000 100000 100000 100000 0 0 0 0 0 0 0 0 0 1.9852825 34937
100000 100000 100000 100000 100000 100000 100000 100000 100000 0 0 0 0 0 0 0 0 0 1.8781784 35042
100000 100000 100000 100000 100000 100000 100000 100000 100000 0 0 0 0 0 0 0 0 0 1.9034435 35148
100000 100000 100000 100000 100000 100000 100000 100000 100000 0 0 0 0 0 0 0 0 0 1.9415039 35254
100000 100000 100000 100000 100000 100000 100000 100000 100000 0 0 0 0 0 0 0 0 0 1.7940644 35359
100000 100000 100000 100000 100000 100000 100000 100000 100000 0 0 0 0 0 0 0 0 0 1.8538203 35465
100000 100000 100000 100000 100000 100000 100000 100000 100000 0 0 0 0 0 0 0 0 0 1.8772186 35570
100000 100000 100000 100000 100000 100000 100000 100000 100000 0 0 0 0 0 0 0 0 0 1.7367594 35676
100000 100000 100000 100000 100000 100000 100000 100000 100000 0 0 0 0 0 0 0 0 0 1.7367594 35782
6.142 100000 100000 100000 100000 100000 100000 100000 100000 -5.576 0 0 0 0 0 0 0 0 1.6821914 35887
100000 100000 100000 100000 100000 100000 100000 100000 100000 0 0 0 0 0 0 0 0 0 1.7968967 35993
100000 100000 100000 100000 100000 100000 100000 100000 100000 0 0 0 0 0 0 0 0 0 1.7649542 36099
100000 100000 100000 100000 100000 100000 100000 100000 100000 0 0 0 0 0 0 0 0 0 1.6892223 36204
100000 100000 100000 100000 100000 100000 100000 100000 100000 0 0 0 0 0 0 0 0 0 1.5475955 36310
4.824 100000 100000 100000 100000 100000 100000 100000 100000 -5.032 0 0 0 0 0 0 0 0 1.8117071 36415
4.836 100000 100000 100000 100000 100000 100000 100000 100000 -6.36 0 0 0 0 0 0 0 0 1.771829 36521
100000 100000 100000 100000 100000 100000 100000 100000 100000 0 0 0 0 0 0 0 0 0 1.6892223 36627
100000 100000 100000 100000 100000 100000 100000 100000 100000 0 0 0 0 0 0 0 0 0 1.6378108 36732
100000 100000 100000 100000 100000 100000 100000 100000 100000 0 0 0 0 0 0 0 0 0 1.5167035 36838
4.193 100000 100000 100000 100000 100000 100000 100000 100000 -3.819 0 0 0 0 0 0 0 0 1.5501584 36944
100000 100000 100000 100000 100000 100000 100000 100000 100000 0 0 0 0 0 0 0 0 0 1.6131301 37049
100000 100000 100000 100000 100000 100000 100000 100000 100000 0 0 0 0 0 0 0 0 0 1.5784366 37155
3.806 100000 100000 100000 100000 100000 100000 100000 100000 -5.829 0 0 0 0 0 0 0 0 1.4462503 37261
4.196 100000 100000 100000 100000 100000 100000 100000 100000 -3.801 0 0 0 0 0 0 0 0 1.5914346 37366
100000 100000 100000 100000 100000 100000 100000 100000 100000 0 0 0 0 0 0 0 0 0 1.5481577 37472
100000 100000 100000 100000 100000 100000 100000 100000 100000 0 0 0 0 0 0 0 0 0 1.5903544 37577
100000 100000 100000 100000 100000 100000 100000 100000 100000 0 0 0 0 0 0 0 0 0 1.5335277 37683
100000 100000 100000 100000 100000 100000 100000 100000 100000 0 0 0 0 0 0 0 0 0 1.434867 37789
100000 100000 100000 100000 100000 100000 100000 100000 100000 0 0 0 0 0 0 0 0 0 1.5335277 37894
4.245 100000 100000 100000 100000 100000 100000 100000 100000 -2.923 0 0 0 0 0 0 0 0 1.3766389 38000
4.179 100000 100000 100000 100000 100000 100000 100000 100000 1.521 0 0 0 0 0 0 0 0 1.3349384 38106
4.205 100000 100000 100000 100000 100000 100000 100000 100000 -0.021 0 0 0 0 0 0 0 0 1.2299079 38211
4.199 100000 100000 100000 100000 100000 100000 100000 100000 1.265 0 0 0 0 0 0 0 0 1.4048337 38317
4.216 100000 100000 100000 100000 100000 100000 100000 100000 2.487 0 0 0 0 0 0 0 0 1.4300466 38422
4.236 100000 100000 100000 100000 100000 100000 100000 100000 -1.172 0 0 0 0 0 0 0 0 1.4212108 38528
4.272 100000 100000 100000 100000 100000 100000 100000 100000 -0.702 0 0 0 0 0 0 0 0 1.281205 38634
4.239 100000 100000 100000 100000 100000 100000 100000 100000 -0.671 0 0 0 0 0 0 0 0 1.3864822 38739
4.23 3.8 100000 100000 100000 100000 100000 100000 100000 -1.282 -3.672 0 0 0 0 0 0 0 1.209728 38845
4.054 100000 100000 100000 100000 100000 100000 100000 100000 -0.057 0 0 0 0 0 0 0 0 1.2818389 38951
4.143 100000 100000 100000 100000 100000 100000 100000 100000 0.311 0 0 0 0 0 0 0 0 1.3571739 39056
3.761 100000 100000 100000 100000 100000 100000 100000 100000 -4.722 0 0 0 0 0 0 0 0 1.1682228 39162
4.068 100000 100000 100000 100000 100000 100000 100000 100000 -0.595 0 0 0 0 0 0 0 0 1.177326 39267
4.118 100000 100000 100000 100000 100000 100000 100000 100000 -4.758 0 0 0 0 0 0 0 0 1.2496972 39373
3.818 100000 100000 100000 100000 100000 100000 100000 100000 0.284 0 0 0 0 0 0 0 0 1.1071813 39479
3.774 100000 100000 100000 100000 100000 100000 100000 100000 -1.355 0 0 0 0 0 0 0 0 1.2316916 39584
3.72 100000 100000 100000 100000 100000 100000 100000 100000 0.073 0 0 0 0 0 0 0 0 1.1871336 39690
3.713 100000 100000 100000 100000 100000 100000 100000 100000 -0.897 0 0 0 0 0 0 0 0 1.126198 39796
3.684 100000 100000 100000 100000 100000 100000 100000 100000 -0.766 0 0 0 0 0 0 0 0 1.0674417 39901
3.786 100000 100000 100000 100000 100000 100000 100000 100000 6.907 0 0 0 0 0 0 0 0 1.1230862 40007
3.778 100000 100000 100000 100000 100000 100000 100000 100000 5.784 0 0 0 0 0 0 0 0 0.94302344 40113
3.694 100000 100000 100000 100000 100000 100000 100000 100000 1.635 0 0 0 0 0 0 0 0 1.1274731 40218
3.76 100000 100000 100000 100000 100000 100000 100000 100000 0.227 0 0 0 0 0 0 0 0 1.084163 40324
3.753 2.839 100000 100000 100000 100000 100000 100000 100000 0.232 -7.722 0 0 0 0 0 0 0 0.99159026 40429
3.886 100000 100000 100000 100000 100000 100000 100000 100000 -0.565 0 0 0 0 0 0 0 0 1.0748241 40535
3.845 100000 100000 100000 100000 100000 100000 100000 100000 -0.087 0 0 0 0 0 0 0 0 1.0371239 40641
3.919 100000 100000 100000 100000 100000 100000 100000 100000 -1.998 0 0 0 0 0 0 0 0 0.97594213 40746
3.962 100000 100000 100000 100000 100000 100000 100000 100000 4.685 0 0 0 0 0 0 0 0 1.0590684 40852
3.901 100000 100000 100000 100000 100000 100000 100000 100000 4.342 0 0 0 0 0 0 0 0 0.953284 40958
3.869 100000 100000 100000 100000 100000 100000 100000 100000 6.786 0 0 0 0 0 0 0 0 0.9087024 41063
3.838 100000 100000 100000 100000 100000 100000 100000 100000 7.602 0 0 0 0 0 0 0 0 0.8867936 41169
3.843 100000 100000 100000 100000 100000 100000 100000 100000 8.122 0 0 0 0 0 0 0 0 0.924747 41274
3.835 100000 100000 100000 100000 100000 100000 100000 100000 8.348 0 0 0 0 0 0 0 0 0.8408563 41380
3.875 100000 100000 100000 100000 100000 100000 100000 100000 7.923 0 0 0 0 0 0 0 0 0.96389794 41486
3.894 100000 100000 100000 100000 100000 100000 100000 100000 9.469 0 0 0 0 0 0 0 0 0.9514065 41591
3.913 100000 100000 100000 100000 100000 100000 100000 100000 6.737 0 0 0 0 0 0 0 0 0.8685827 41697
3.944 100000 100000 100000 100000 100000 100000 100000 100000 6.462 0 0 0 0 0 0 0 0 0.75770426 41803
3.884 100000 100000 100000 100000 100000 100000 100000 100000 6.375 0 0 0 0 0 0 0 0 0.85205984 41908
3.819 100000 100000 100000 100000 100000 100000 100000 100000 9.67 0 0 0 0 0 0 0 0 0.8944957 42014
3.836 100000 100000 100000 100000 100000 100000 100000 100000 9.358 0 0 0 0 0 0 0 0 0.858479 42119
3.83 100000 100000 100000 100000 100000 100000 100000 100000 8.817 0 0 0 0 0 0 0 0 0.87961006 42225
3.858 100000 100000 100000 100000 100000 100000 100000 100000 8.885 0 0 0 0 0 0 0 0 0.97241545 42331
3.839 100000 100000 100000 100000 100000 100000 100000 100000 -2.797 0 0 0 0 0 0 0 0 0.70333886 42436
3.781 100000 100000 100000 100000 100000 100000 100000 100000 2.079 0 0 0 0 0 0 0 0 0.72803617 42542
3.787 100000 100000 100000 100000 100000 100000 100000 100000 5.126 0 0 0 0 0 0 0 0 0.7466426 42648
3.761 100000 100000 100000 100000 100000 100000 100000 100000 5.508 0 0 0 0 0 0 0 0 0.73192453 42753
3.821 100000 100000 100000 100000 100000 100000 100000 100000 6.495 0 0 0 0 0 0 0 0 0.74507403 42859
3.719 100000 100000 100000 100000 100000 100000 100000 100000 5.776 0 0 0 0 0 0 0 0 0.6689434 42965
3.801 100000 100000 100000 100000 100000 100000 100000 100000 10.68 0 0 0 0 0 0 0 0 0.701514 43070
3.785 100000 100000 100000 100000 100000 100000 100000 100000 8.191 0 0 0 0 0 0 0 0 0.65934443 43176
3.8 100000 100000 100000 100000 100000 100000 100000 100000 9.994 0 0 0 0 0 0 0 0 0.6302054 43281
3.803 100000 100000 100000 100000 100000 100000 100000 100000 10.671 0 0 0 0 0 0 0 0 0.71076393 43387
3.795 100000 100000 100000 100000 100000 100000 100000 100000 10.119 0 0 0 0 0 0 0 0 0.72803617 43493
3.802 100000 100000 100000 100000 100000 100000 100000 100000 10.945 0 0 0 0 0 0 0 0 0.61005545 43598
3.804 100000 100000 100000 100000 100000 100000 100000 100000 10.334 0 0 0 0 0 0 0 0 0.5835347 43704
3.786 100000 100000 100000 100000 100000 100000 100000 100000 9.323 0 0 0 0 0 0 0 0 0.6057768 43810
3.808 2.797 100000 100000 100000 100000 100000 100000 100000 6.189 -7.84 0 0 0 0 0 0 0 0.5135894 43915
3.794 2.833 100000 100000 100000 100000 100000 100000 100000 3.785 -8.303 0 0 0 0 0 0 0 0.4994123 44021
3.814 100000 100000 100000 100000 100000 100000 100000 100000 3.4 0 0 0 0 0 0 0 0 0.6034248 44126
3.869 2.793 100000 100000 100000 100000 100000 100000 100000 1.722 -7.584 0 0 0 0 0 0 0 0.46911168 44232
3.895 2.492 100000 100000 100000 100000 100000 100000 100000 -3.757 -14.788 0 0 0 0 0 0 0 0.4559493 44338
3.946 100000 100000 100000 100000 100000 100000 100000 100000 -4.778 0 0 0 0 0 0 0 0 0.48081517 44443
100000 100000 100000 100000 100000 100000 100000 100000 100000 0 0 0 0 0 0 0 0 0 0.48399186 44549
3.935 100000 100000 100000 100000 100000 100000 100000 100000 -0.282 0 0 0 0 0 0 0 0 0.45096278 44655
100000 100000 100000 100000 100000 100000 100000 100000 100000 0 0 0 0 0 0 0 0 0 0.49314213 44760
100000 100000 100000 100000 100000 100000 100000 100000 100000 0 0 0 0 0 0 0 0 0 0.42277026 44866
4.008 2.386 100000 100000 100000 100000 100000 100000 100000 0.312 -13.474 0 0 0 0 0 0 0 0.4622085 44972
3.882 4.964 2.464 100000 100000 100000 100000 100000 100000 1.452 -0.681 -13.869 0 0 0 0 0 0 0.3792286 45077
4.894 100000 100000 100000 100000 100000 100000 100000 100000 2.131 0 0 0 0 0 0 0 0 0.46911168 45183
3.896 100000 100000 100000 100000 100000 100000 100000 100000 -6.445 0 0 0 0 0 0 0 0 0.4346912 45288
3.861 4.915 100000 100000 100000 100000 100000 100000 100000 -3.712 -3.987 0 0 0 0 0 0 0 0.5631559 45394
3.92 100000 100000 100000 100000 100000 100000 100000 100000 -2.451 0 0 0 0 0 0 0 0 0.4990673 45500
4.871 3.914 100000 100000 100000 100000 100000 100000 100000 4.514 -3.152 0 0 0 0 0 0 0 0.528172 45605
2.525 100000 100000 100000 100000 100000 100000 100000 100000 -12.879 0 0 0 0 0 0 0 0 0.45383596 45711
4.968 3.954 2.59 100000 100000 100000 100000 100000 100000 -0.466 -4.258 -10.336 0 0 0 0 0 0 0.41853714 45817
4.838 100000 100000 100000 100000 100000 100000 100000 100000 0.428 0 0 0 0 0 0 0 0 0.4791875 45922
4.972 100000 100000 100000 100000 100000 100000 100000 100000 1.195 0 0 0 0 0 0 0 0 0.3570516 46028
4.95 100000 100000 100000 100000 100000 100000 100000 100000 1.85 0 0 0 0 0 0 0 0 0.40724182 46133
4.981 100000 100000 100000 100000 100000 100000 100000 100000 3.06 0 0 0 0 0 0 0 0 0.2615311 46239
4.956 100000 100000 100000 100000 100000 100000 100000 100000 9.414 0 0 0 0 0 0 0 0 0.32334328 46345
4.953 100000 100000 100000 100000 100000 100000 100000 100000 8.797 0 0 0 0 0 0 0 0 0.30043507 46450
4.925 100000 100000 100000 100000 100000 100000 100000 100000 9.218 0 0 0 0 0 0 0 0 0.22472596 46556
4.937 100000 100000 100000 100000 100000 100000 100000 100000 9.011 0 0 0 0 0 0 0 0 0.24689007 46662
4.969 100000 100000 100000 100000 100000 100000 100000 100000 8.301 0 0 0 0 0 0 0 0 0.24807334 46767
4.991 100000 100000 100000 100000 100000 100000 100000 100000 5.424 0 0 0 0 0 0 0 0 0.36544347 46873
4.998 100000 100000 100000 100000 100000 100000 100000 100000 2.797 0 0 0 0 0 0 0 0 0.2945273 46978
4.967 100000 100000 100000 100000 100000 100000 100000 100000 2.941 0 0 0 0 0 0 0 0 0.2498784 47084
4.96 100000 100000 100000 100000 100000 100000 100000 100000 8.37 0 0 0 0 0 0 0 0 0.2945273 47190
4.954 100000 100000 100000 100000 100000 100000 100000 100000 8.696 0 0 0 0 0 0 0 0 0.24807334 47295
4.955 100000 100000 100000 100000 100000 100000 100000 100000 8.877 0 0 0 0 0 0 0 0 0.23256612 47401
4.944 2.443 100000 100000 100000 100000 100000 100000 100000 12.305 -10.399 0 0 0 0 0 0 0 0.23883843 47507
4.935 100000 100000 100000 100000 100000 100000 100000 100000 14.539 0 0 0 0 0 0 0 0 0.140059 47612
4.925 100000 100000 100000 100000 100000 100000 100000 100000 15.93 0 0 0 0 0 0 0 0 0.28675437 47718
4.923 100000 100000 100000 100000 100000 100000 100000 100000 16.871 0 0 0 0 0 0 0 0 0.13854718 47824
4.919 100000 100000 100000 100000 100000 100000 100000 100000 16.124 0 0 0 0 0 0 0 0 0.24015594 47929
4.916 2.356 100000 100000 100000 100000 100000 100000 100000 16.612 -12.062 0 0 0 0 0 0 0 0.15529633 48035
4.907 2.315 100000 100000 100000 100000 100000 100000 100000 16.298 -13.897 0 0 0 0 0 0 0 0.19929671 48140
4.913 2.412 100000 100000 100000 100000 100000 100000 100000 15.741 -15.496 0 0 0 0 0 0 0 0.18112993 48246
4.913 100000 100000 100000 100000 100000 100000 100000 100000 15.006 0 0 0 0 0 0 0 0 0.18112993 48352
4.9 2.562 100000 100000 100000 100000 100000 100000 100000 14.916 -13.927 0 0 0 0 0 0 0 0.21746159 48457
4.911 100000 100000 100000 100000 100000 100000 100000 100000 14.152 0 0 0 0 0 0 0 0 0.16479063 48563
4.923 100000 100000 100000 100000 100000 100000 100000 100000 12.919 0 0 0 0 0 0 0 0 0.24807334 48669
4.917 100000 100000 100000 100000 100000 100000 100000 100000 9.918 0 0 0 0 0 0 0 0 0.15529633 48774
4.91 100000 100000 100000 100000 100000 100000 100000 100000 10.579 0 0 0 0 0 0 0 0 0.07755256 48880
4.89 100000 100000 100000 100000 100000 100000 100000 100000 5.094 0 0 0 0 0 0 0 0 0.12072444 48985
4.929 100000 100000 100000 100000 100000 100000 100000 100000 -4.942 0 0 0 0 0 0 0 0 0.12498236 49091
5.056 100000 100000 100000 100000 100000 100000 100000 100000 -4.333 0 0 0 0 0 0 0 0 0.15301037 49197
5.035 100000 100000 100000 100000 100000 100000 100000 100000 -1.634 0 0 0 0 0 0 0 0 0.15529633 49302
4.807 2.677 100000 100000 100000 100000 100000 100000 100000 -2.176 -13.057 0 0 0 0 0 0 0 0.15301037 49408
100000 100000 100000 100000 100000 100000 100000 100000 100000 0 0 0 0 0 0 0 0 0 0.06474662 49514
4.786 100000 100000 100000 100000 100000 100000 100000 100000 -3.635 0 0 0 0 0 0 0 0 0.014086485 49619
4.821 100000 100000 100000 100000 100000 100000 100000 100000 2.064 0 0 0 0 0 0 0 0 6.268224 49725
4.871 100000 100000 100000 100000 100000 100000 100000 100000 8.339 0 0 0 0 0 0 0 0 0.03578663 49830
4.867 2.517 100000 100000 100000 100000 100000 100000 100000 9.392 -11.265 0 0 0 0 0 0 0 0.024626493 49936
4.871 2.62 100000 100000 100000 100000 100000 100000 100000 6.242 -13.004 0 0 0 0 0 0 0 6.259433 50042
4.988 3.68 100000 100000 100000 100000 100000 100000 100000 -1.561 -7.363 0 0 0 0 0 0 0 0.07755256 50147
4.727 100000 100000 100000 100000 100000 100000 100000 100000 0.862 0 0 0 0 0 0 0 0 6.216794 50253
4.849 2.261 100000 100000 100000 100000 100000 100000 100000 4.802 -16.189 0 0 0 0 0 0 0 6.2184386 50359
4.897 100000 100000 100000 100000 100000 100000 100000 100000 8.086 0 0 0 0 0 0 0 0 6.1775255 50464
4.885 100000 100000 100000 100000 100000 100000 100000 100000 4.984 0 0 0 0 0 0 0 0 6.1801 50570
4.932 100000 100000 100000 100000 100000 100000 100000 100000 0.102 0 0 0 0 0 0 0 0 6.1624613 50676
4.915 100000 100000 100000 100000 100000 100000 100000 100000 -6.229 0 0 0 0 0 0 0 0 6.2242775 50781
3.489 100000 100000 100000 100000 100000 100000 100000 100000 -7.87 0 0 0 0 0 0 0 0 6.090788 50887
100000 100000 100000 100000 100000 100000 100000 100000 100000 0 0 0 0 0 0 0 0 0 6.1942005 50992
4.88 3.667 100000 100000 100000 100000 100000 100000 100000 -7.941 -7.981 0 0 0 0 0 0 0 6.2003083 51098
100000 100000 100000 100000 100000 100000 100000 100000 100000 0 0 0 0 0 0 0 0 0 6.0569696 51204
5.039 100000 100000 100000 100000 100000 100000 100000 100000 -5.394 0 0 0 0 0 0 0 0 6.1316414 51309
100000 100000 100000 100000 100000 100000 100000 100000 100000 0 0 0 0 0 0 0 0 0 6.0149612 51415
100000 100000 100000 100000 100000 100000 100000 100000 100000 0 0 0 0 0 0 0 0 0 5.988658 51521
4.986 100000 100000 100000 100000 100000 100000 100000 100000 -9.762 0 0 0 0 0 0 0 0 6.011056 51626
100000 100000 100000 100000 100000 100000 100000 100000 100000 0 0 0 0 0 0 0 0 0 5.9677105 51732
100000 100000 100000 100000 100000 100000 100000 100000 100000 0 0 0 0 0 0 0 0 0 6.0187006 51837
2.824 100000 100000 100000 100000 100000 100000 100000 100000 -9.853 0 0 0 0 0 0 0 0 6.095131 51943
5.146 100000 100000 100000 100000 100000 100000 100000 100000 -9.01 0 0 0 0 0 0 0 0 5.9622335 52049
3.471 100000 100000 100000 100000 100000 100000 100000 100000 -8.301 0 0 0 0 0 0 0 0 5.9278955 52154
100000 100000 100000 100000 100000 100000 100000 100000 100000 0 0 0 0 0 0 0 0 0 5.950386 52260
100000 100000 100000 100000 100000 100000 100000 100000 100000 0 0 0 0 0 0 0 0 0 6.028282 52366
100000 100000 100000 100000 100000 100000 100000 100000 100000 0 0 0 0 0 0 0 0 0 5.9366794 52471
2.891 100000 100000 100000 100000 100000 100000 100000 100000 -4.564 0 0 0 0 0 0 0 0 5.908374 52577
3.285 100000 100000 100000 100000 100000 100000 100000 100000 -8.049 0 0 0 0 0 0 0 0 5.931511 52682
100000 100000 100000 100000 100000 100000 100000 100000 100000 0 0 0 0 0 0 0 0 0 5.9622335 52788
3.084 100000 100000 100000 100000 100000 100000 100000 100000 -1.883 0 0 0 0 0 0 0 0 5.8399343 52894
2.786 100000 100000 100000 100000 100000 100000 100000 100000 -6.138 0 0 0 0 0 0 0 0 5.8764625 52999
2.864 1.715 100000 100000 100000 100000 100000 100000 100000 -7.375 -17.49 0 0 0 0 0 0 0 5.8509827 53105
1.701 100000 100000 100000 100000 100000 100000 100000 100000 -15.673 0 0 0 0 0 0 0 0 5.802863 53211
100000 100000 100000 100000 100000 100000 100000 100000 100000 0 0 0 0 0 0 0 0 0 5.859743 53316
3.129 100000 100000 100000 100000 100000 100000 100000 100000 -3.512 0 0 0 0 0 0 0 0 5.852274 53422
2.884 1.733 100000 100000 100000 100000 100000 100000 100000 -10.914 -17.38 0 0 0 0 0 0 0 5.7510004 53528
3.13 100000 100000 100000 100000 100000 100000 100000 100000 -4.479 0 0 0 0 0 0 0 0 5.70798 53633
2.981 4.894 100000 100000 100000 100000 100000 100000 100000 -5.921 -9.32 0 0 0 0 0 0 0 5.763676 53739
2.929 100000 100000 100000 100000 100000 100000 100000 100000 -2.292 0 0 0 0 0 0 0 0 5.8625784 53844
2.842 100000 100000 100000 100000 100000 100000 100000 100000 -4.12 0 0 0 0 0 0 0 0 5.77903 53950
2.876 4.942 1.702 100000 100000 100000 100000 100000 100000 -1.143 -8.945 -18.019 0 0 0 0 0 0 5.7931995 54056
2.918 4.963 100000 100000 100000 100000 100000 100000 100000 -2.452 -4.353 0 0 0 0 0 0 0 5.7227597 54161
2.861 100000 100000 100000 100000 100000 100000 100000 100000 1.156 0 0 0 0 0 0 0 0 5.7063932 54267
2.84 4.807 100000 100000 100000 100000 100000 100000 100000 -0.071 -6.019 0 0 0 0 0 0 0 5.712943 54373
2.882 4.942 100000 100000 100000 100000 100000 100000 100000 1.435 -2.797 0 0 0 0 0 0 0 5.6857405 54478
2.937 100000 100000 100000 100000 100000 100000 100000 100000 4.481 0 0 0 0 0 0 0 0 5.665411 54584
2.818 4.912 1.712 100000 100000 100000 100000 100000 100000 7.217 -3.208 -15.552 0 0 0 0 0 0 5.6066265 54689
2.867 4.882 100000 100000 100000 100000 100000 100000 100000 7.515 -3.494 0 0 0 0 0 0 0 5.75496 54795
2.839 100000 100000 100000 100000 100000 100000 100000 100000 4.105 0 0 0 0 0 0 0 0 5.71487 54901
2.815 100000 100000 100000 100000 100000 100000 100000 100000 7.21 0 0 0 0 0 0 0 0 5.6066265 55006
2.78 100000 100000 100000 100000 100000 100000 100000 100000 4.163 0 0 0 0 0 0 0 0 5.71487 55112
3.063 2.721 100000 100000 100000 100000 100000 100000 100000 -2.345 -7.082 0 0 0 0 0 0 0 5.6857405 55218
4.817 2.907 100000 100000 100000 100000 100000 100000 100000 1.848 -2.937 0 0 0 0 0 0 0 5.651559 55323
4.813 2.875 100000 100000 100000 100000 100000 100000 100000 7.132 -6.545 0 0 0 0 0 0 0 5.558015 55429
4.861 2.941 100000 100000 100000 100000 100000 100000 100000 7.882 -3.013 0 0 0 0 0 0 0 5.5297995 55534
4.837 2.909 100000 100000 100000 100000 100000 100000 100000 11.889 3.755 0 0 0 0 0 0 0 5.508691 55640
4.824 2.904 100000 100000 100000 100000 100000 100000 100000 11.705 4.76 0 0 0 0 0 0 0 5.554296 55746
4.847 2.904 1.749 100000 100000 100000 100000 100000 100000 12.851 6.446 -16.457 0 0 0 0 0 0 5.507161 55851
4.835 2.858 100000 100000 100000 100000 100000 100000 100000 9.968 7.743 0 0 0 0 0 0 0 5.582885 55957
4.852 2.863 100000 100000 100000 100000 100000 100000 100000 10.444 7.567 0 0 0 0 0 0 0 5.4733744 56063
4.861 2.885 1.671 100000 100000 100000 100000 100000 100000 5.652 4.863 -15.554 0 0 0 0 0 0 5.507161 56168
4.891 2.79 1.702 100000 100000 100000 100000 100000 100000 4.647 2.97 -15.875 0 0 0 0 0 0 5.394517 56274
2.871 4.854 1.772 100000 100000 100000 100000 100000 100000 1.342 0.339 -13.234 0 0 0 0 0 0 5.415757 56380
2.861 4.826 1.733 100000 100000 100000 100000 100000 100000 1.395 -4.523 -17.491 0 0 0 0 0 0 5.4808426 56485
2.774 4.887 100000 100000 100000 100000 100000 100000 100000 -5.251 -6.397 0 0 0 0 0 0 0 5.3817697 56591
2.735 100000 100000 100000 100000 100000 100000 100000 100000 -1.827 0 0 0 0 0 0 0 0 5.458291 56696
2.745 1.727 100000 100000 100000 100000 100000 100000 100000 -4.966 -14.93 0 0 0 0 0 0 0 5.385861 56802
2.805 4.848 1.829 100000 100000 100000 100000 100000 100000 -1.906 -8.864 -15.355 0 0 0 0 0 0 5.365226 56908
2.773 100000 100000 100000 100000 100000 100000 100000 100000 -3.431 0 0 0 0 0 0 0 0 5.354103 57013
2.734 100000 100000 100000 100000 100000 100000 100000 100000 -5.021 0 0 0 0 0 0 0 0 5.4860992 57119
2.761 100000 100000 100000 100000 100000 100000 100000 100000 -6.482 0 0 0 0 0 0 0 0 5.4827175 57225
2.797 100000 100000 100000 100000 100000 100000 100000 100000 -5.546 0 0 0 0 0 0 0 0 5.4893026 57330
2.83 100000 100000 100000 100000 100000 100000 100000 100000 0.066 0 0 0 0 0 0 0 0 5.369153 57436
2.882 100000 100000 100000 100000 100000 100000 100000 100000 3.219 0 0 0 0 0 0 0 0 5.3590536 57541
2.895 100000 100000 100000 100000 100000 100000 100000 100000 4.013 0 0 0 0 0 0 0 0 5.3276787 57647
2.886 100000 100000 100000 100000 100000 100000 100000 100000 0.829 0 0 0 0 0 0 0 0 5.312717 57753
2.917 100000 100000 100000 100000 100000 100000 100000 100000 -8.009 0 0 0 0 0 0 0 0 5.2768006 57858
2.849 100000 100000 100000 100000 100000 100000 100000 100000 0.187 0 0 0 0 0 0 0 0 5.231618 57964
2.961 100000 100000 100000 100000 100000 100000 100000 100000 -0.614 0 0 0 0 0 0 0 0 5.1058598 58070
3.111 100000 100000 100000 100000 100000 100000 100000 100000 -3.067 0 0 0 0 0 0 0 0 5.175561 58175
3.026 100000 100000 100000 100000 100000 100000 100000 100000 0.563 0 0 0 0 0 0 0 0 5.16206 58281
3.062 100000 100000 100000 100000 100000 100000 100000 100000 -0.646 0 0 0 0 0 0 0 0 5.1971226 58386
3.101 2.111 100000 100000 100000 100000 100000 100000 100000 -3.105 -12.429 0 0 0 0 0 0 0 5.129123 58492
3.002 100000 100000 100000 100000 100000 100000 100000 100000 -2.999 0 0 0 0 0 0 0 0 5.121357 58598
2.888 100000 100000 100000 100000 100000 100000 100000 100000 -5.537 0 0 0 0 0 0 0 0 5.1027355 58703
100000 100000 100000 100000 100000 100000 100000 100000 100000 0 0 0 0 0 0 0 0 0 5.0398064 58809
1.755 100000 100000 100000 100000 100000 100000 100000 100000 -15.221 0 0 0 0 0 0 0 0 4.987131 58915
3.077 1.974 100000 100000 100000 100000 100000 100000 100000 -7.814 -10.338 0 0 0 0 0 0 0 5.0408163 59020
1.916 100000 100000 100000 100000 100000 100000 100000 100000 -15.042 0 0 0 0 0 0 0 0 4.993108 59126
3.103 100000 100000 100000 100000 100000 100000 100000 100000 -6.399 0 0 0 0 0 0 0 0 4.956493 59232
100000 100000 100000 100000 100000 100000 100000 100000 100000 0 0 0 0 0 0 0 0 0 4.929387 59337
3.151 1.762 100000 100000 100000 100000 100000 100000 100000 -4.114 -18.854 0 0 0 0 0 0 0 5.017995 59443
3.272 100000 100000 100000 100000 100000 100000 100000 100000 -8.107 0 0 0 0 0 0 0 0 4.932579 59548
3.223 1.727 100000 100000 100000 100000 100000 100000 100000 -6.48 -19.213 0 0 0 0 0 0 0 4.9484243 59654
3.134 100000 100000 100000 100000 100000 100000 100000 100000 -7.441 0 0 0 0 0 0 0 0 4.9484243 59760
100000 100000 100000 100000 100000 100000 100000 100000 100000 0 0 0 0 0 0 0 0 0 4.927577 59865
3.011 1.939 100000 100000 100000 100000 100000 100000 100000 -7.593 -16.639 0 0 0 0 0 0 0 4.9364367 59971
100000 100000 100000 100000 100000 100000 100000 100000 100000 0 0 0 0 0 0 0 0 0 4.9668884 60077
3.474 1.699 100000 100000 100000 100000 100000 100000 100000 -5.147 -17.35 0 0 0 0 0 0 0 4.866166 60182
2.846 100000 100000 100000 100000 100000 100000 100000 100000 -11.263 0 0 0 0 0 0 0 0 4.728702 60288
2.828 100000 100000 100000 100000 100000 100000 100000 100000 -9.651 0 0 0 0 0 0 0 0 4.8398175 60393
100000 100000 100000 100000 100000 100000 100000 100000 100000 0 0 0 0 0 0 0 0 0 4.9109516 60499
5.339 100000 100000 100000 100000 100000 100000 100000 100000 -6.373 0 0 0 0 0 0 0 0 4.789112 60605
3.045 100000 100000 100000 100000 100000 100000 100000 100000 -8.856 0 0 0 0 0 0 0 0 4.726702 60710
3.152 100000 100000 100000 100000 100000 100000 100000 100000 -9.114 0 0 0 0 0 0 0 0 4.8377757 60816
3.116 100000 100000 100000 100000 100000 100000 100000 100000 -5.89 0 0 0 0 0 0 0 0 4.7479553 60922
100000 100000 100000 100000 100000 100000 100000 100000 100000 0 0 0 0 0 0 0 0 0 4.7566614 61027
3.18 1.714 100000 100000 100000 100000 100000 100000 100000 -7.129 -16.011 0 0 0 0 0 0 0 4.749468 61133
2.837 100000 100000 100000 100000 100000 100000 100000 100000 -11.32 0 0 0 0 0 0 0 0 4.802116 61238
100000 100000 100000 100000 100000 100000 100000 100000 100000 0 0 0 0 0 0 0 0 0 4.6261907 61344
5.566 100000 100000 100000 100000 100000 100000 100000 100000 -3.732 0 0 0 0 0 0 0 0 4.736426 61450
5.488 2.933 100000 100000 100000 100000 100000 100000 100000 -1.77 -10.687 0 0 0 0 0 0 0 4.4883413 61555
100000 100000 100000 100000 100000 100000 100000 100000 100000 0 0 0 0 0 0 0 0 0 4.6153216 61661
5.024 100000 100000 100000 100000 100000 100000 100000 100000 -3.088 0 0 0 0 0 0 0 0 4.573841 61767
4.993 3.14 100000 100000 100000 100000 100000 100000 100000 -4.724 -9.339 0 0 0 0 0 0 0 4.6453133 61872
4.965 2.981 100000 100000 100000 100000 100000 100000 100000 -3.829 -8.962 0 0 0 0 0 0 0 4.5960064 61978
100000 100000 100000 100000 100000 100000 100000 100000 100000 0 0 0 0 0 0 0 0 0 4.619136 62084
5.529 100000 100000 100000 100000 100000 100000 100000 100000 -6.539 0 0 0 0 0 0 0 0 4.5274563 62189
5.526 100000 100000 100000 100000 100000 100000 100000 100000 -0.995 0 0 0 0 0 0 0 0 4.6768227 62295
5.536 100000 100000 100000 100000 100000 100000 100000 100000 -1.311 0 0 0 0 0 0 0 0 4.5960064 62400
5.617 2.953 100000 100000 100000 100000 100000 100000 100000 -1.688 -8.573 0 0 0 0 0 0 0 4.5849605 62506
5.657 100000 100000 100000 100000 100000 100000 100000 100000 1.48 0 0 0 0 0 0 0 0 4.6768227 62612
5.554 100000 100000 100000 100000 100000 100000 100000 100000 -1.27 0 0 0 0 0 0 0 0 4.696076 62717
5.51 3.935 100000 100000 100000 100000 100000 100000 100000 -0.97 -5.668 0 0 0 0 0 0 0 4.6369042 62823
100000 100000 100000 100000 100000 100000 100000 100000 100000 0 0 0 0 0 0 0 0 0 4.53772 62929
100000 100000 100000 100000 100000 100000 100000 100000 100000 0 0 0 0 0 0 0 0 0 4.5648465 63034
100000 100000 100000 100000 100000 100000 100000 100000 100000 0 0 0 0 0 0 0 0 0 4.4741325 63140
5.544 100000 100000 100000 100000 100000 100000 100000 100000 -0.641 0 0 0 0 0 0 0 0 4.4576135 63245
3.277 100000 100000 100000 100000 100000 100000 100000 100000 -6.397 0 0 0 0 0 0 0 0 4.3819103 63351
3.206 100000 100000 100000 100000 100000 100000 100000 100000 -7.64 0 0 0 0 0 0 0 0 4.3602953 63457
4.727 100000 100000 100000 100000 100000 100000 100000 100000 0.682 0 0 0 0 0 0 0 0 4.364892 63562
4.809 3.178 100000 100000 100000 100000 100000 100000 100000 1.595 -5.932 0 0 0 0 0 0 0 4.3302574 63668
4.832 100000 100000 100000 100000 100000 100000 100000 100000 1.958 0 0 0 0 0 0 0 0 4.327693 63774
4.782 100000 100000 100000 100000 100000 100000 100000 100000 0.454 0 0 0 0 0 0 0 0 4.3132887 63879
4.766 100000 100000 100000 100000 100000 100000 100000 100000 7.305 0 0 0 0 0 0 0 0 4.232111 63985
4.786 100000 100000 100000 100000 100000 100000 100000 100000 5.741 0 0 0 0 0 0 0 0 4.281331 64090
4.747 100000 100000 100000 100000 100000 100000 100000 100000 8.792 0 0 0 0 0 0 0 0 4.377593 64196
4.741 100000 100000 100000 100000 100000 100000 100000 100000 13.019 0 0 0 0 0 0 0 0 4.2625213 64302
4.739 100000 100000 100000 100000 100000 100000 100000 100000 14.57 0 0 0 0 0 0 0 0 4.2669296 64407
4.743 100000 100000 100000 100000 100000 100000 100000 100000 15.945 0 0 0 0 0 0 0 0 4.1492257 64513
4.756 100000 100000 100000 100000 100000 100000 100000 100000 14.914 0 0 0 0 0 0 0 0 4.157633 64619
4.725 100000 100000 100000 100000 100000 100000 100000 100000 14.332 0 0 0 0 0 0 0 0 4.084449 64724
4.725 100000 100000 100000 100000 100000 100000 100000 100000 12.087 0 0 0 0 0 0 0 0 4.157441 64830
4.806 100000 100000 100000 100000 100000 100000 100000 100000 12.377 0 0 0 0 0 0 0 0 4.1575136 64935
4.781 100000 100000 100000 100000 100000 100000 100000 100000 12.496 0 0 0 0 0 0 0 0 4.174114 65041
4.777 100000 100000 100000 100000 100000 100000 100000 100000 21.186 0 0 0 0 0 0 0 0 4.185934 65147
4.786 100000 100000 100000 100000 100000 100000 100000 100000 25.35 0 0 0 0 0 0 0 0 4.1575136 65252
4.778 100000 100000 100000 100000 100000 100000 100000 100000 27.57 0 0 0 0 0 0 0 0 4.1038547 65358
4.769 100000 100000 100000 100000 100000 100000 100000 100000 26.533 0 0 0 0 0 0 0 0 4.060442 65464
4.769 100000 100000 100000 100000 100000 100000 100000 100000 27.04 0 0 0 0 0 0 0 0 4.067864 65569
4.761 100000 100000 100000 100000 100000 100000 100000 100000 26.132 0 0 0 0 0 0 0 0 4.048561 65675
4.759 100000 100000 100000 100000 100000 100000 100000 100000 25.643 0 0 0 0 0 0 0 0 3.9942327 65781
4.757 100000 100000 100000 100000 100000 100000 100000 100000 27.527 0 0 0 0 0 0 0 0 3.983308 65886
4.757 100000 100000 100000 100000 100000 100000 100000 100000 27.286 0 0 0 0 0 0 0 0 3.9460323 65992
4.761 100000 100000 100000 100000 100000 100000 100000 100000 26.316 0 0 0 0 0 0 0 0 3.995771 66097
4.762 100000 100000 100000 100000 100000 100000 100000 100000 23.753 0 0 0 0 0 0 0 0 3.9396825 66203
4.734 100000 100000 100000 100000 100000 100000 100000 100000 17.271 0 0 0 0 0 0 0 0 3.9619672 66309
4.729 100000 100000 100000 100000 100000 100000 100000 100000 10.568 0 0 0 0 0 0 0 0 4.0206585 66414
4.853 100000 100000 100000 100000 100000 100000 100000 100000 7.263 0 0 0 0 0 0 0 0 3.928199 66520
4.76 100000 100000 100000 100000 100000 100000 100000 100000 11.722 0 0 0 0 0 0 0 0 3.9351072 66626
4.694 100000 100000 100000 100000 100000 100000 100000 100000 10.617 0 0 0 0 0 0 0 0 3.9351072 66731
4.752 100000 100000 100000 100000 100000 100000 100000 100000 10.409 0 0 0 0 0 0 0 0 3.8729992 66837
4.691 100000 100000 100000 100000 100000 100000 100000 100000 10.416 0 0 0 0 0 0 0 0 3.8744023 66942
4.715 100000 100000 100000 100000 100000 100000 100000 100000 14.009 0 0 0 0 0 0 0 0 3.862943 67048
4.688 100000 100000 100000 100000 100000 100000 100000 100000 13.54 0 0 0 0 0 0 0 0 3.916443 67154
4.728 100000 100000 100000 100000 100000 100000 100000 100000 19.064 0 0 0 0 0 0 0 0 3.8892975 67259
4.686 100000 100000 100000 100000 100000 100000 100000 100000 20.167 0 0 0 0 0 0 0 0 3.954486 67365
4.702 100000 100000 100000 100000 100000 100000 100000 100000 19.555 0 0 0 0 0 0 0 0 3.8311198 67471
4.677 100000 100000 100000 100000 100000 100000 100000 100000 19.311 0 0 0 0 0 0 0 0 3.9602349 67576
4.696 100000 100000 100000 100000 100000 100000 100000 100000 19.544 0 0 0 0 0 0 0 0 3.9226074 67682
4.679 100000 100000 100000 100000 100000 100000 100000 100000 19.501 0 0 0 0 0 0 0 0 3.8799324 67787
4.698 100000 100000 100000 100000 100000 100000 100000 100000 17.517 0 0 0 0 0 0 0 0 3.8716645 67893
4.683 100000 100000 100000 100000 100000 100000 100000 100000 18.846 0 0 0 0 0 0 0 0 3.9013224 67999
4.676 100000 100000 100000 100000 100000 100000 100000 100000 19.017 0 0 0 0 0 0 0 0 3.9812822 68104
4.656 100000 100000 100000 100000 100000 100000 100000 100000 19.81 0 0 0 0 0 0 0 0 3.875131 68210
4.662 100000 100000 100000 100000 100000 100000 100000 100000 19.423 0 0 0 0 0 0 0 0 3.928199 68316
4.665 100000 100000 100000 100000 100000 100000 100000 100000 16.035 0 0 0 0 0 0 0 0 3.7707677 68421
4.656 100000 100000 100000 100000 100000 100000 100000 100000 9.081 0 0 0 0 0 0 0 0 3.8294668 68527
4.712 100000 100000 100000 100000 100000 100000 100000 100000 7.809 0 0 0 0 0 0 0 0 3.7536852 68633
4.755 100000 100000 100000 100000 100000 100000 100000 100000 4.604 0 0 0 0 0 0 0 0 3.6704414 68738
4.692 100000 100000 100000 100000 100000 100000 100000 100000 -0.033 0 0 0 0 0 0 0 0 3.7278094 68844
4.736 100000 100000 100000 100000 100000 100000 100000 100000 1.381 0 0 0 0 0 0 0 0 3.7580113 68949
4.687 100000 100000 100000 100000 100000 100000 100000 100000 5.41 0 0 0 0 0 0 0 0 3.7042036 69055
4.726 100000 100000 100000 100000 100000 100000 100000 100000 9.286 0 0 0 0 0 0 0 0 3.7477813 69161
4.739 100000 100000 100000 100000 100000 100000 100000 100000 5.503 0 0 0 0 0 0 0 0 3.7468486 69266
4.664 100000 100000 100000 100000 100000 100000 100000 100000 -0.162 0 0 0 0 0 0 0 0 3.7464828 69372
4.725 100000 100000 100000 100000 100000 100000 100000 100000 0.309 0 0 0 0 0 0 0 0 3.7234404 69478
4.942 100000 100000 100000 100000 100000 100000 100000 100000 -5.307 0 0 0 0 0 0 0 0 3.737847 69583
4.812 100000 100000 100000 100000 100000 100000 100000 100000 -1.859 0 0 0 0 0 0 0 0 3.70506 69689
4.967 100000 100000 100000 100000 100000 100000 100000 100000 -3.947 0 0 0 0 0 0 0 0 3.684528 69794
5.054 100000 100000 100000 100000 100000 100000 100000 100000 1.153 0 0 0 0 0 0 0 0 3.627519 69900
5.055 100000 100000 100000 100000 100000 100000 100000 100000 -3.786 0 0 0 0 0 0 0 0 3.618831 70006
100000 100000 100000 100000 100000 100000 100000 100000 100000 0 0 0 0 0 0 0 0 0 3.6911135 70111
100000 100000 100000 100000 100000 100000 100000 100000 100000 0 0 0 0 0 0 0 0 0 3.639306 70217
100000 100000 100000 100000 100000 100000 100000 100000 100000 0 0 0 0 0 0 0 0 0 3.5867825 70323
100000 100000 100000 100000 100000 100000 100000 100000 100000 0 0 0 0 0 0 0 0 0 3.6797085 70428
4.866 100000 100000 100000 100000 100000 100000 100000 100000 -5.369 0 0 0 0 0 0 0 0 3.6552339 70534
4.975 100000 100000 100000 100000 100000 100000 100000 100000 -3.765 0 0 0 0 0 0 0 0 3.6494634 70640
5.115 100000 100000 100000 100000 100000 100000 100000 100000 -5.002 0 0 0 0 0 0 0 0 3.615687 70745
100000 100000 100000 100000 100000 100000 100000 100000 100000 0 0 0 0 0 0 0 0 0 3.5853667 70851
100000 100000 100000 100000 100000 100000 100000 100000 100000 0 0 0 0 0 0 0 0 0 3.6692228 70956
100000 100000 100000 100000 100000 100000 100000 100000 100000 0 0 0 0 0 0 0 0 0 3.625193 71062
100000 100000 100000 100000 100000 100000 100000 100000 100000 0 0 0 0 0 0 0 0 0 3.650562 71168
100000 100000 100000 100000 100000 100000 100000 100000 100000 0 0 0 0 0 0 0 0 0 3.6055691 71273
5.036 100000 100000 100000 100000 100000 100000 100000 100000 -5.441 0 0 0 0 0 0 0 0 3.5932107 71379
5.016 100000 100000 100000 100000 100000 100000 100000 100000 -2.66 0 0 0 0 0 0 0 0 3.5547118 71485
4.966 100000 100000 100000 100000 100000 100000 100000 100000 -0.56 0 0 0 0 0 0 0 0 3.5423496 71590
4.951 100000 100000 100000 100000 100000 100000 100000 100000 -1.336 0 0 0 0 0 0 0 0 3.5522811 71696
4.984 100000 100000 100000 100000 100000 100000 100000 100000 -2.804 0 0 0 0 0 0 0 0 3.5435562 71801
4.854 100000 100000 100000 100000 100000 100000 100000 100000 -1.141 0 0 0 0 0 0 0 0 3.534803 71907
100000 100000 100000 100000 100000 100000 100000 100000 100000 0 0 0 0 0 0 0 0 0 3.5187664 72013
4.925 100000 100000 100000 100000 100000 100000 100000 100000 -1.356 0 0 0 0 0 0 0 0 3.561201 72118
4.87 100000 100000 100000 100000 100000 100000 100000 100000 -1.901 0 0 0 0 0 0 0 0 3.5826778 72224
100000 100000 100000 100000 100000 100000 100000 100000 100000 0 0 0 0 0 0 0 0 0 3.5517237 72330
100000 100000 100000 100000 100000 100000 100000 100000 100000 0 0 0 0 0 0 0 0 0 3.5793886 72435
100000 100000 100000 100000 100000 100000 100000 100000 100000 0 0 0 0 0 0 0 0 0 3.5767567 72541
100000 100000 100000 100000 100000 100000 100000 100000 100000 0 0 0 0 0 0 0 0 0 3.618831 72646
100000 100000 100000 100000 100000 100000 100000 100000 100000 0 0 0 0 0 0 0 0 0 3.5867825 72752
4.828 100000 100000 100000 100000 100000 100000 100000 100000 -5.942 0 0 0 0 0 0 0 0 3.518214 72858
100000 100000 100000 100000 100000 100000 100000 100000 100000 0 0 0 0 0 0 0 0 0 3.6273336 72963
5.025 100000 100000 100000 100000 100000 100000 100000 100000 -4.828 0 0 0 0 0 0 0 0 3.5822587 73069
100000 100000 100000 100000 100000 100000 100000 100000 100000 0 0 0 0 0 0 0 0 0 3.5932107 73175
100000 100000 100000 100000 100000 100000 100000 100000 100000 0 0 0 0 0 0 0 0 0 3.549232 73280
100000 100000 100000 100000 100000 100000 100000 100000 100000 0 0 0 0 0 0 0 0 0 3.5153184 73386
100000 100000 100000 100000 100000 100000 100000 100000 100000 0 0 0 0 0 0 0 0 0 3.5076504 73492
5.084 100000 100000 100000 100000 100000 100000 100000 100000 -5.842 0 0 0 0 0 0 0 0 3.4927485 73597
100000 100000 100000 100000 100000 100000 100000 100000 100000 0 0 0 0 0 0 0 0 0 3.4915617 73703
100000 100000 100000 100000 100000 100000 100000 100000 100000 0 0 0 0 0 0 0 0 0 3.4915617 73808
100000 100000 100000 100000 100000 100000 100000 100000 100000 0 0 0 0 0 0 0 0 0 3.4784462 73914
100000 100000 100000 100000 100000 100000 100000 100000 100000 0 0 0 0 0 0 0 0 0 3.525139 74020
100000 100000 100000 100000 100000 100000 100000 100000 100000 0 0 0 0 0 0 0 0 0 3.4760928 74125
100000 100000 100000 100000 100000 100000 100000 100000 100000 0 0 0 0 0 0 0 0 0 3.469213 74231
100000 100000 100000 100000 100000 100000 100000 100000 100000 0 0 0 0 0 0 0 0 0 3.4730344 74337
100000 100000 100000 100000 100000 100000 100000 100000 100000 0 0 0 0 0 0 0 0 0 3.4400177 74442
100000 100000 100000 100000 100000 100000 100000 100000 100000 0 0 0 0 0 0 0 0 0 3.3531682 74548
100000 100000 100000 100000 100000 100000 100000 100000 100000 0 0 0 0 0 0 0 0 0 3.4099543 74653
5.159 100000 100000 100000 100000 100000 100000 100000 100000 -5.424 0 0 0 0 0 0 0 0 3.3405268 74759
5.18 100000 100000 100000 100000 100000 100000 100000 100000 -5.382 0 0 0 0 0 0 0 0 3.3938074 74865
100000 100000 100000 100000 100000 100000 100000 100000 100000 0 0 0 0 0 0 0 0 0 3.3405867 74970
100000 100000 100000 100000 100000 100000 100000 100000 100000 0 0 0 0 0 0 0 0 0 3.3273587 75076
100000 100000 100000 100000 100000 100000 100000 100000 100000 0 0 0 0 0 0 0 0 0 3.2642536 75182
100000 100000 100000 100000 100000 100000 100000 100000 100000 0 0 0 0 0 0 0 0 0 3.2740736 75287
100000 100000 100000 100000 100000 100000 100000 100000 100000 0 0 0 0 0 0 0 0 0 3.2663026 75393
5.61 100000 100000 100000 100000 100000 100000 100000 100000 -2.791 0 0 0 0 0 0 0 0 3.29693 75498
5.668 100000 100000 100000 100000 100000 100000 100000 100000 -2.614 0 0 0 0 0 0 0 0 3.3021183 75604
5.613 4.101 100000 100000 100000 100000 100000 100000 100000 2.848 -5.865 0 0 0 0 0 0 0 3.2445164 75710
5.612 100000 100000 100000 100000 100000 100000 100000 100000 2.488 0 0 0 0 0 0 0 0 3.250211 75815
5.603 100000 100000 100000 100000 100000 100000 100000 100000 4.299 0 0 0 0 0 0 0 0 3.229144 75921
5.624 100000 100000 100000 100000 100000 100000 100000 100000 2.225 0 0 0 0 0 0 0 0 3.2348418 76027
5.599 100000 100000 100000 100000 100000 100000 100000 100000 0.583 0 0 0 0 0 0 0 0 3.1879542 76132
5.638 100000 100000 100000 100000 100000 100000 100000 100000 -0.992 0 0 0 0 0 0 0 0 3.2126236 76238
5.628 6.828 100000 100000 100000 100000 100000 100000 100000 1.287 -2.919 0 0 0 0 0 0 0 3.206424 76344
4.871 100000 100000 100000 100000 100000 100000 100000 100000 0.352 0 0 0 0 0 0 0 0 3.1672535 76449
4.865 100000 100000 100000 100000 100000 100000 100000 100000 1.013 0 0 0 0 0 0 0 0 3.165507 76555
6.552 100000 100000 100000 100000 100000 100000 100000 100000 0.899 0 0 0 0 0 0 0 0 3.165507 76660
4.817 100000 100000 100000 100000 100000 100000 100000 100000 2.51 0 0 0 0 0 0 0 0 3.1518433 76766
100000 100000 100000 100000 100000 100000 100000 100000 100000 0 0 0 0 0 0 0 0 0 3.1597579 76872
4.816 100000 100000 100000 100000 100000 100000 100000 100000 0.137 0 0 0 0 0 0 0 0 3.1782272 76977
4.861 100000 100000 100000 100000 100000 100000 100000 100000 -4.481 0 0 0 0 0 0 0 0 3.124935 77083
4.915 100000 100000 100000 100000 100000 100000 100000 100000 -1.773 0 0 0 0 0 0 0 0 3.1176786 77189
4.19 100000 100000 100000 100000 100000 100000 100000 100000 -4.503 0 0 0 0 0 0 0 0 3.0908146 77294
100000 100000 100000 100000 100000 100000 100000 100000 100000 0 0 0 0 0 0 0 0 0 3.1313422 77400
4.154 100000 100000 100000 100000 100000 100000 100000 100000 -4.632 0 0 0 0 0 0 0 0 3.1451302 77505
4.152 100000 100000 100000 100000 100000 100000 100000 100000 -2.165 0 0 0 0 0 0 0 0 3.1518433 77611
4.114 100000 100000 100000 100000 100000 100000 100000 100000 -1.29 0 0 0 0 0 0 0 0 3.071737 77717
4.188 100000 100000 100000 100000 100000 100000 100000 100000 1.37 0 0 0 0 0 0 0 0 3.0342472 77822
4.208 100000 100000 100000 100000 100000 100000 100000 100000 1.674 0 0 0 0 0 0 0 0 3.0151021 77928
4.193 100000 100000 100000 100000 100000 100000 100000 100000 1.513 0 0 0 0 0 0 0 0 3.0493455 78034
4.215 6.352 100000 100000 100000 100000 100000 100000 100000 1.751 -0.795 0 0 0 0 0 0 0 3.0885818 78139
4.165 100000 100000 100000 100000 100000 100000 100000 100000 3.515 0 0 0 0 0 0 0 0 3.0483437 78245
4.143 100000 100000 100000 100000 100000 100000 100000 100000 3.886 0 0 0 0 0 0 0 0 3.078186 78350
4.207 100000 100000 100000 100000 100000 100000 100000 100000 0.033 0 0 0 0 0 0 0 0 3.0293076 78456
4.144 100000 100000 100000 100000 100000 100000 100000 100000 -0.075 0 0 0 0 0 0 0 0 2.9900017 78562
4.136 100000 100000 100000 100000 100000 100000 100000 100000 1.635 0 0 0 0 0 0 0 0 3.091656 78667
4.093 100000 100000 100000 100000 100000 100000 100000 100000 0.43 0 0 0 0 0 0 0 0 3.0939631 78773
4.115 100000 100000 100000 100000 100000 100000 100000 100000 -1.638 0 0 0 0 0 0 0 0 2.9823556 78879
4.893 100000 100000 100000 100000 100000 100000 100000 100000 2.348 0 0 0 0 0 0 0 0 3.0184114 78984
4.888 100000 100000 100000 100000 100000 100000 100000 100000 6.486 0 0 0 0 0 0 0 0 2.9646003 79090
4.922 100000 100000 100000 100000 100000 100000 100000 100000 5.186 0 0 0 0 0 0 0 0 3.05746 79196
4.92 6.254 100000 100000 100000 100000 100000 100000 100000 7.074 0.928 0 0 0 0 0 0 0 2.96059 79301
4.91 6.106 100000 100000 100000 100000 100000 100000 100000 7.118 1.116 0 0 0 0 0 0 0 3.012796 79407
4.918 6.127 100000 100000 100000 100000 100000 100000 100000 6.682 -1.29 0 0 0 0 0 0 0 2.9337173 79512
4.915 100000 100000 100000 100000 100000 100000 100000 100000 7.255 0 0 0 0 0 0 0 0 2.9496553 79618
4.919 100000 100000 100000 100000 100000 100000 100000 100000 1.032 0 0 0 0 0 0 0 0 2.91868 79724
4.864 100000 100000 100000 100000 100000 100000 100000 100000 4.426 0 0 0 0 0 0 0 0 2.8985667 79829
4.079 100000 100000 100000 100000 100000 100000 100000 100000 -0.319 0 0 0 0 0 0 0 0 2.9550664 79935
100000 100000 100000 100000 100000 100000 100000 100000 100000 0 0 0 0 0 0 0 0 0 2.91868 80041
4.142 5.463 100000 100000 100000 100000 100000 100000 100000 0.396 -1.626 0 0 0 0 0 0 0 2.8985667 80146
5.381 100000 100000 100000 100000 100000 100000 100000 100000 -0.524 0 0 0 0 0 0 0 0 2.8394725 80252
4.212 100000 100000 100000 100000 100000 100000 100000 100000 0.992 0 0 0 0 0 0 0 0 2.9234803 80357
4.32 100000 100000 100000 100000 100000 100000 100000 100000 -4.149 0 0 0 0 0 0 0 0 2.8922846 80463
4.179 100000 100000 100000 100000 100000 100000 100000 100000 2.483 0 0 0 0 0 0 0 0 2.8824534 80569
4.146 100000 100000 100000 100000 100000 100000 100000 100000 -0.794 0 0 0 0 0 0 0 0 2.9195895 80674
4.231 100000 100000 100000 100000 100000 100000 100000 100000 2.435 0 0 0 0 0 0 0 0 2.909238 80780
5.414 4.022 100000 100000 100000 100000 100000 100000 100000 1.702 -4.272 0 0 0 0 0 0 0 2.8513339 80886
4.256 100000 100000 100000 100000 100000 100000 100000 100000 -1.864 0 0 0 0 0 0 0 0 2.820684 80991
4.22 100000 100000 100000 100000 100000 100000 100000 100000 0.889 0 0 0 0 0 0 0 0 2.8479147 81097
100000 100000 100000 100000 100000 100000 100000 100000 100000 0 0 0 0 0 0 0 0 0 2.8549442 81202
4.832 100000 100000 100000 100000 100000 100000 100000 100000 6.868 0 0 0 0 0 0 0 0 2.8387456 81308
4.786 100000 100000 100000 100000 100000 100000 100000 100000 6.302 0 0 0 0 0 0 0 0 2.8732314 81414
100000 100000 100000 100000 100000 100000 100000 100000 100000 0 0 0 0 0 0 0 0 0 2.8436053 81519
4.798 100000 100000 100000 100000 100000 100000 100000 100000 5.057 0 0 0 0 0 0 0 0 2.8161092 81625
4.766 100000 100000 100000 100000 100000 100000 100000 100000 7.556 0 0 0 0 0 0 0 0 2.8153667 81731
4.774 100000 100000 100000 100000 100000 100000 100000 100000 9.742 0 0 0 0 0 0 0 0 2.8121154 81836
4.782 100000 100000 100000 100000 100000 100000 100000 100000 10.291 0 0 0 0 0 0 0 0 2.7319977 81942
4.745 100000 100000 100000 100000 100000 100000 100000 100000 6.701 0 0 0 0 0 0 0 0 2.7743576 82048
6.218 4.756 100000 100000 100000 100000 100000 100000 100000 11.688 7.26 0 0 0 0 0 0 0 2.7049742 82153
6.204 100000 100000 100000 100000 100000 100000 100000 100000 9.001 0 0 0 0 0 0 0 0 2.7419066 82259
6.206 4.789 100000 100000 100000 100000 100000 100000 100000 8.585 1.612 0 0 0 0 0 0 0 2.7950363 82364
6.227 100000 100000 100000 100000 100000 100000 100000 100000 5.455 0 0 0 0 0 0 0 0 2.7549853 82470
4.723 100000 100000 100000 100000 100000 100000 100000 100000 4.008 0 0 0 0 0 0 0 0 2.76818 82576
4.729 100000 100000 100000 100000 100000 100000 100000 100000 4.454 0 0 0 0 0 0 0 0 2.6305385 82681
4.729 100000 100000 100000 100000 100000 100000 100000 100000 2.654 0 0 0 0 0 0 0 0 2.648939 82787
100000 100000 100000 100000 100000 100000 100000 100000 100000 0 0 0 0 0 0 0 0 0 2.7079008 82893
100000 100000 100000 100000 100000 100000 100000 100000 100000 0 0 0 0 0 0 0 0 0 2.6434004 82998
100000 100000 100000 100000 100000 100000 100000 100000 100000 0 0 0 0 0 0 0 0 0 2.6323073 83104
100000 100000 100000 100000 100000 100000 100000 100000 100000 0 0 0 0 0 0 0 0 0 2.6351337 83209
100000 100000 100000 100000 100000 100000 100000 100000 100000 0 0 0 0 0 0 0 0 0 2.6511774 83315
100000 100000 100000 100000 100000 100000 100000 100000 100000 0 0 0 0 0 0 0 0 0 2.6430106 83421
100000 100000 100000 100000 100000 100000 100000 100000 100000 0 0 0 0 0 0 0 0 0 2.577232 83526
4.725 100000 100000 100000 100000 100000 100000 100000 100000 1.358 0 0 0 0 0 0 0 0 2.55025 83632
4.734 100000 100000 100000 100000 100000 100000 100000 100000 3.38 0 0 0 0 0 0 0 0 2.5304012 83738
4.735 100000 100000 100000 100000 100000 100000 100000 100000 3.642 0 0 0 0 0 0 0 0 2.563709 83843
4.734 100000 100000 100000 100000 100000 100000 100000 100000 3.381 0 0 0 0 0 0 0 0 2.506306 83949
4.724 100000 100000 100000 100000 100000 100000 100000 100000 4.233 0 0 0 0 0 0 0 0 2.5374165 84054
3.675 100000 100000 100000 100000 100000 100000 100000 100000 -7.658 0 0 0 0 0 0 0 0 2.5894578 84160
100000 100000 100000 100000 100000 100000 100000 100000 100000 0 0 0 0 0 0 0 0 0 2.5643907 84266
100000 100000 100000 100000 100000 100000 100000 100000 100000 0 0 0 0 0 0 0 0 0 2.5374165 84371
4.743 100000 100000 100000 100000 100000 100000 100000 100000 1.935 0 0 0 0 0 0 0 0 2.433933 84477
100000 100000 100000 100000 100000 100000 100000 100000 100000 0 0 0 0 0 0 0 0 0 2.4589236 84583
100000 100000 100000 100000 100000 100000 100000 100000 100000 0 0 0 0 0 0 0 0 0 2.4178069 84688
5.243 100000 100000 100000 100000 100000 100000 100000 100000 1.944 0 0 0 0 0 0 0 0 2.230669 84794
3.968 5.274 100000 100000 100000 100000 100000 100000 100000 -0.488 -2.035 0 0 0 0 0 0 0 2.0966015 84900
100000 100000 100000 100000 100000 100000 100000 100000 100000 0 0 0 0 0 0 0 0 0 2.139759 85005
4.967 100000 100000 100000 100000 100000 100000 100000 100000 -3.857 0 0 0 0 0 0 0 0 2.1644473 85111
100000 100000 100000 100000 100000 100000 100000 100000 100000 0 0 0 0 0 0 0 0 0 1.9403162 85216
100000 100000 100000 100000 100000 100000 100000 100000 100000 0 0 0 0 0 0 0 0 0 1.7400912 85322
100000 100000 100000 100000 100000 100000 100000 100000 100000 0 0 0 0 0 0 0 0 0 1.6357929 85428
